0 0.927593 0.233788 0.0216682 0.0847406
0 0.881768 0.562782 0.0508141 0.119562
0 0.245292 0.435899 0.0226249 0.116192
0 0.554126 0.274914 0.0184806 0.0969476
0 0.68127 0.651547 0.064809 0.123868
0 0.720106 0.362989 0.0289425 0.12928
0 0.832391 0.319587 0.0178867 0.0860428
0 0.397336 0.672012 0.0371338 0.104409
32 0.509569 0.682309 0.0135418 0.0228984
0 0.500143 0.268258 0.0143125 0.0873324
0 0.651228 0.183584 0.0171156 0.0656983
0 0.466291 0.636581 0.0355967 0.122929
0 0.0297462 0.964471 0.0279098 0.0709103
0 0.0648863 0.973094 0.0346603 0.0538122
0 0.137028 0.979353 0.0244594 0.0412932
0 0.764933 0.162748 0.0149441 0.05983
0 0.672969 0.653311 0.0457783 0.126396
0 0.471871 0.63946 0.0484612 0.130219
0 0.456757 0.637562 0.0572287 0.12861
