0 0.409608 0.586255 0.0431889 0.135635
0 0.693353 0.553584 0.0488823 0.134059
0 0.551641 0.508437 0.0515656 0.103438
0 0.328581 0.414729 0.0320857 0.103403
0 0.107507 0.421934 0.0242127 0.122294
0 0.652701 0.493179 0.0275933 0.0926027
0 0.493704 0.498726 0.0233004 0.114857
0 0.431032 0.386968 0.0296472 0.107407
0 0.684462 0.273667 0.033301 0.0850382
0 0.935394 0.394237 0.0344334 0.0967033
0 0.689416 0.272976 0.0207734 0.0821707
0 0.007292 0.707998 0.0145259 0.136547
0 0.118652 0.209331 0.0221603 0.079808
0 0.924339 0.334532 0.0252182 0.0765405
