0 0.725735 0.679551 0.0472797 0.129502
0 0.476508 0.627889 0.0383745 0.111918
0 0.484909 0.268594 0.0292732 0.0948097
0 0.225413 0.425721 0.028615 0.114717
0 0.686126 0.324626 0.0340174 0.0974965
0 0.433992 0.26182 0.0241674 0.0811348
0 0.909513 0.550416 0.0562428 0.126232
0 0.423334 0.644301 0.0674003 0.131593
0 0.641677 0.36296 0.0225004 0.098292
0 0.78324 0.305491 0.0288156 0.08806
0 0.89941 0.550461 0.0397306 0.125767
0 0.577929 0.172808 0.0224154 0.0622303
0 0.903072 0.547573 0.0286507 0.118338
0 0.69657 0.153194 0.0187779 0.0574072
0 0.41614 0.644506 0.0524384 0.118061
0 0.995026 0.416962 0.00901604 0.0972997
0 0.0419631 0.97935 0.0339265 0.0413005
0 0.843674 0.966722 0.0829445 0.0657854
0 0.681546 0.321687 0.0190037 0.0954316
