0 0.332943 0.640442 0.0485186 0.104267
0 0.648036 0.721349 0.0541845 0.135026
0 0.351158 0.270587 0.028681 0.0959592
0 0.868 0.547733 0.041069 0.134912
0 0.668921 0.303538 0.0250681 0.084811
0 0.130889 0.426746 0.0346008 0.111919
0 0.904393 0.411014 0.0363314 0.121836
0 0.303467 0.260069 0.0288105 0.0873448
0 0.426247 0.657654 0.0558828 0.128584
0 0.702313 0.208198 0.0202343 0.069999
0 0.507457 0.358389 0.017703 0.103696
0 0.578137 0.318162 0.0229033 0.0880992
0 0.433432 0.658921 0.0386024 0.128079
0 0.404923 0.659055 0.0383803 0.119998
0 0.445333 0.16635 0.0189011 0.0691598
0 0.433534 0.653913 0.0283533 0.119653
0 0.559647 0.14531 0.0198561 0.0577844
0 0.899312 0.409021 0.021965 0.119031
0 0.576227 0.309291 0.0185314 0.0710748
0 0.980083 0.248835 0.0250229 0.0870745
0 0.685763 0.959219 0.0769735 0.081563
