0 0.538901 0.633539 0.037171 0.116681
0 0.815512 0.574692 0.0381388 0.126026
0 0.964156 0.461553 0.0276508 0.11468
0 0.790365 0.333316 0.0190512 0.0929905
0 0.191152 0.437761 0.0193234 0.122948
0 0.655933 0.351335 0.0236004 0.0985464
0 0.521297 0.282367 0.0164626 0.0924009
0 0.496048 0.613051 0.0402054 0.115696
0 0.718925 0.379129 0.0241432 0.109798
0 0.927865 0.244399 0.0274122 0.0803123
0 0.744898 0.171539 0.0163187 0.07081
0 0.350567 0.683416 0.0380079 0.134891
0 0.630512 0.186798 0.0180232 0.0762581
0 0.468325 0.275941 0.0230186 0.0858021
0 0.385017 0.626674 0.0325472 0.136839
0 0.0208318 0.966912 0.0284754 0.0660417
0 0.388686 0.602846 0.0252471 0.0909661
0 0.355911 0.665951 0.0283045 0.12655
0 0.490782 0.614632 0.0299747 0.108989
0 0.349036 0.704803 0.036932 0.0990278
0 0.057549 0.97532 0.0301595 0.0493595
0 0.130578 0.983933 0.0275517 0.0321347
0 0.386784 0.607978 0.0327625 0.102891
