0 0.411982 0.484491 0.0371703 0.119635
0 0.249387 0.585669 0.0431098 0.133215
0 0.103161 0.403639 0.0311054 0.121821
0 0.699625 0.52109 0.0555327 0.133939
0 0.791464 0.35731 0.0471195 0.110572
0 0.917519 0.432402 0.0362274 0.112652
0 0.347265 0.393686 0.0269532 0.0981251
0 0.844543 0.377425 0.0366074 0.120555
0 0.26597 0.391086 0.0397195 0.107124
0 0.0524598 0.230123 0.0243512 0.0829895
0 0.528786 0.451885 0.0299683 0.120384
0 0.531886 0.293163 0.0167168 0.0920307
0 0.556006 0.379653 0.025172 0.0869156
