0 0.776818 0.597138 0.0360795 0.128006
0 0.464051 0.599013 0.0440887 0.101557
0 0.858894 0.490458 0.0290787 0.119708
0 0.103447 0.451257 0.0202613 0.123884
0 0.28916 0.701738 0.0496405 0.142594
0 0.437389 0.298422 0.0182461 0.0981363
0 0.280912 0.622997 0.0327869 0.135642
0 0.553248 0.380182 0.0250822 0.0964634
0 0.499112 0.579102 0.0352077 0.107775
0 0.667354 0.397907 0.0211094 0.10425
0 0.383323 0.293662 0.0188373 0.0867632
0 0.55683 0.205262 0.0185571 0.0711638
0 0.706229 0.357136 0.021981 0.091315
0 0.880467 0.2663 0.0308956 0.067352
32 0.527756 0.613047 0.0126584 0.0226852
0 0.68002 0.189463 0.0145622 0.0668217
