0 0.837906 0.484474 0.0407284 0.151989
0 0.59715 0.45681 0.0360352 0.151884
0 0.0716723 0.461492 0.0260172 0.135458
0 0.260007 0.621914 0.042687 0.162163
0 0.532955 0.455876 0.0507523 0.139012
0 0.127615 0.54061 0.0499361 0.14049
0 0.316864 0.363317 0.0256918 0.129381
0 0.411975 0.398715 0.0309178 0.126559
0 0.29494 0.480655 0.0306599 0.131669
0 0.840502 0.395072 0.0346922 0.0768791
0 0.453812 0.475364 0.0640217 0.0621162
0 0.43399 0.428078 0.0270877 0.083157
0 0.44467 0.446222 0.0499491 0.117542
0 0.435769 0.44477 0.0322501 0.112757
0 0.453411 0.454391 0.0646601 0.105315
32 0.742866 0.463803 0.0199425 0.0147488
