0 0.341127 0.637011 0.0297118 0.110201
0 0.148317 0.426247 0.0410345 0.11725
0 0.662691 0.71153 0.0556551 0.127994
0 0.371071 0.268904 0.0302716 0.0902324
0 0.684452 0.303782 0.0222061 0.0855559
0 0.916406 0.415971 0.023398 0.112078
0 0.527097 0.359845 0.0177886 0.104965
0 0.32393 0.258207 0.0287493 0.0873194
0 0.591677 0.315846 0.0206747 0.090308
32 0.385076 0.706301 0.0133604 0.0266161
0 0.720704 0.207579 0.0164198 0.0698953
0 0.465248 0.170475 0.0230566 0.0644652
0 0.431969 0.659369 0.0340052 0.122963
0 0.878517 0.535607 0.0505844 0.118402
0 0.423783 0.659333 0.0497831 0.123288
0 0.321649 0.255189 0.0176528 0.0825528
0 0.413769 0.661117 0.0487588 0.120291
0 0.706768 0.960338 0.0789698 0.0793248
0 0.579744 0.145661 0.0174814 0.0573472
0 0.870084 0.536285 0.0344894 0.119046
