0 0.725928 0.509294 0.0529446 0.134411
0 0.696558 0.36343 0.0498947 0.100523
0 0.338363 0.467977 0.032767 0.122663
0 0.256318 0.364874 0.0293426 0.1096
0 0.0272863 0.387827 0.0241169 0.118235
0 0.389547 0.397632 0.0286509 0.108636
32 0.604276 0.459979 0.0152586 0.0194443
0 0.196328 0.396101 0.0265391 0.110253
0 0.867107 0.4348 0.0471678 0.115885
0 0.199517 0.585871 0.0233426 0.13737
0 0.764791 0.376572 0.0342859 0.111264
0 0.461555 0.293584 0.0333354 0.0996931
0 0.878308 0.434061 0.0270226 0.116313
0 0.466928 0.294019 0.0210743 0.098284
0 0.520439 0.406693 0.0257874 0.0843508
0 0.194702 0.585871 0.0311789 0.140868
0 0.516571 0.414593 0.0390072 0.101338
0 0.769487 0.367959 0.0232206 0.0920817
