0 0.488714 0.594044 0.0504557 0.117159
0 0.127769 0.448564 0.0245701 0.11994
0 0.784638 0.592677 0.036256 0.127486
0 0.305668 0.695757 0.0451457 0.145613
0 0.682658 0.394307 0.0242323 0.0991082
0 0.58146 0.374655 0.0235048 0.0978071
0 0.730271 0.352158 0.0228971 0.0991756
0 0.462406 0.292553 0.0205784 0.0964941
0 0.884587 0.485523 0.0285988 0.119539
0 0.577969 0.201712 0.0160145 0.0695085
0 0.894317 0.261215 0.0260216 0.0762672
0 0.408137 0.288291 0.0165398 0.0854231
0 0.312269 0.591723 0.0281489 0.100446
0 0.697574 0.1878 0.0145304 0.0597969
0 0.504669 0.573461 0.0256638 0.0873717
