0 0.703074 0.581765 0.0306951 0.132093
0 0.351424 0.414542 0.0266847 0.115042
0 0.0962571 0.605813 0.0424887 0.142633
0 0.173969 0.717261 0.0377296 0.160233
0 0.457022 0.581371 0.0349939 0.118205
0 0.209377 0.318596 0.0215784 0.104301
0 0.156228 0.302448 0.0210014 0.0949363
0 0.513782 0.524525 0.0432289 0.106722
32 0.554968 0.575634 0.0128541 0.0190452
0 0.884023 0.493484 0.0286684 0.094527
0 0.559945 0.390376 0.0357075 0.0925508
0 0.764333 0.545309 0.0214344 0.126089
0 0.808474 0.275379 0.0294851 0.0788484
0 0.368697 0.219046 0.0194254 0.0731474
0 0.814729 0.274562 0.0167395 0.078454
0 0.505789 0.418541 0.0354061 0.0994517
0 0.527791 0.212461 0.0173851 0.0622492
0 0.764183 0.564267 0.0213469 0.0884757
0 0.461651 0.569128 0.027471 0.0910941
