0 0.692866 0.699037 0.0521336 0.131177
0 0.955709 0.416142 0.0401566 0.117446
0 0.180055 0.426538 0.0282379 0.112631
0 0.416816 0.26671 0.0235368 0.0913783
0 0.629377 0.322526 0.0197458 0.0962403
0 0.573541 0.364536 0.0326479 0.0977868
0 0.885093 0.548513 0.0319633 0.13522
0 0.368146 0.256599 0.016901 0.0862919
0 0.368548 0.630683 0.0474186 0.112183
0 0.448069 0.647974 0.0280716 0.125124
0 0.411074 0.667437 0.0337008 0.105277
0 0.511751 0.167581 0.0195536 0.0614084
0 0.769355 0.209831 0.0189682 0.076773
0 0.727318 0.303577 0.0321362 0.0874102
0 0.763506 0.960603 0.0776766 0.0787939
