0 0.498044 0.483461 0.053912 0.136895
0 0.665134 0.537499 0.0332981 0.139127
0 0.349459 0.57129 0.0348135 0.139574
0 0.422856 0.452145 0.0244174 0.114008
0 0.969837 0.426196 0.0371515 0.121306
0 0.190105 0.402641 0.0235444 0.120436
0 0.589448 0.281328 0.0176687 0.0956872
0 0.792634 0.379376 0.0354246 0.0967054
0 0.882478 0.357286 0.0416061 0.114026
0 0.172621 0.215908 0.0234243 0.0867275
0 0.983646 0.757984 0.0319878 0.132482
0 0.328878 0.389545 0.0365247 0.0977
0 0.583989 0.282413 0.0283304 0.0976331
0 0.888805 0.357643 0.029248 0.107358
0 0.280996 0.115275 0.0216223 0.0772536
0 0.331757 0.37948 0.0254392 0.0786414
0 0.89233 0.356227 0.0209843 0.104533
0 0.96872 0.42565 0.0256098 0.122123
