0 0.644788 0.459196 0.0305665 0.127604
0 0.0290209 0.608503 0.0465275 0.1517
0 0.758885 0.361891 0.0357627 0.112879
0 0.255054 0.37175 0.0408508 0.101903
0 0.341254 0.366401 0.0253515 0.112328
0 0.477703 0.497454 0.040622 0.120236
0 0.0669816 0.49973 0.0327045 0.136927
0 0.554485 0.484 0.0329927 0.126134
0 0.550027 0.484054 0.023339 0.124457
0 0.481595 0.402527 0.0370491 0.0701931
0 0.0648824 0.488032 0.0267233 0.114266
0 0.251485 0.369734 0.0278794 0.0943921
0 0.504637 0.476214 0.0368458 0.0983139
