0 0.857964 0.56187 0.0334972 0.127425
0 0.377084 0.66435 0.0420659 0.135547
0 0.218021 0.438841 0.0366534 0.117324
0 0.817598 0.323325 0.0197472 0.0926503
0 0.439103 0.637513 0.0575799 0.127166
0 0.54215 0.274627 0.0221243 0.0976522
0 0.715693 0.373768 0.0280481 0.107149
0 0.928975 0.233997 0.021685 0.0851715
0 0.49089 0.27049 0.0182226 0.0849296
0 0.622866 0.640064 0.0336445 0.129084
0 0.643203 0.181031 0.01783 0.0769727
0 0.620348 0.653951 0.0274041 0.104463
0 0.467145 0.603663 0.0216095 0.0814553
32 0.496848 0.674908 0.0126551 0.0212167
0 0.0635946 0.973856 0.0309149 0.0522881
0 0.758212 0.167022 0.0151678 0.0664048
0 0.0279784 0.965075 0.0272836 0.0692951
0 0.137339 0.980657 0.0289864 0.0386866
0 0.698754 0.338494 0.0186274 0.0914198
0 0.462393 0.636424 0.0301009 0.125283
0 0.461744 0.642551 0.0297839 0.0757633
0 0.619456 0.668152 0.0271382 0.0790514
