0 0.203551 0.424363 0.0366843 0.116074
0 0.899372 0.54443 0.0449371 0.136696
0 0.708103 0.681319 0.0515596 0.122582
0 0.654 0.325626 0.0217372 0.093306
0 0.605675 0.363319 0.0306017 0.097565
0 0.445213 0.26683 0.0221383 0.0931189
0 0.462237 0.636129 0.0342451 0.124006
0 0.396662 0.257465 0.0253089 0.0876691
0 0.748961 0.304629 0.0198878 0.0872305
0 0.539714 0.168412 0.015541 0.0652707
0 0.657786 0.150305 0.0216244 0.0582302
0 0.408677 0.648595 0.0782078 0.136055
0 0.388485 0.640318 0.0396688 0.132023
0 0.97498 0.419664 0.0252026 0.0993539
0 0.421029 0.667225 0.0547446 0.106605
0 0.69884 0.678881 0.0330073 0.118822
0 0.387796 0.620636 0.0376169 0.093836
0 0.798712 0.215331 0.0165105 0.0755341
32 0.943461 0.972776 0.0141647 0.0231459
