0 0.108441 0.657204 0.052861 0.175348
0 0.465555 0.440006 0.0316123 0.145625
0 0.583766 0.481113 0.0323595 0.141059
0 0.186111 0.556829 0.0475909 0.153705
0 0.159823 0.417818 0.0197835 0.142101
0 0.0188668 0.377265 0.0377165 0.121778
0 0.107561 0.476163 0.0430597 0.148006
0 0.113633 0.473009 0.0312991 0.148847
0 0.0921008 0.429044 0.0409937 0.107119
0 0.100656 0.465838 0.0554405 0.174875
0 0.224193 0.458858 0.0337237 0.112827
0 0.685798 0.469959 0.0664 0.0512802
0 0.224263 0.446557 0.0293351 0.0862097
