0 0.671049 0.546292 0.054776 0.13578
0 0.0369562 0.423569 0.0339851 0.12754
0 0.648206 0.275169 0.0293955 0.086695
0 0.392737 0.577461 0.0275012 0.132603
0 0.470631 0.487239 0.0330843 0.112334
0 0.89977 0.374505 0.0405436 0.128039
0 0.055234 0.207779 0.0238321 0.0827916
0 0.397252 0.388746 0.0223823 0.0969525
0 0.527121 0.496531 0.0266532 0.108202
0 0.601099 0.488439 0.0459915 0.107645
0 0.287 0.407483 0.0225233 0.108148
0 0.935547 0.335498 0.0246996 0.103111
0 0.987607 0.779373 0.0242817 0.137302
0 0.285403 0.213617 0.0188524 0.0794882
32 0.884812 0.361134 0.016489 0.0189363
0 0.935246 0.322621 0.0256872 0.0708994
