0 0.773857 0.531283 0.0470142 0.125938
0 0.204484 0.713333 0.0466279 0.157286
0 0.727388 0.590335 0.0324772 0.135651
0 0.139716 0.602244 0.0381759 0.134505
0 0.401302 0.414634 0.0209378 0.110627
0 0.454111 0.580802 0.0468395 0.102625
0 0.936969 0.487492 0.0253733 0.106397
0 0.214928 0.302697 0.0242094 0.0958554
0 0.511453 0.541679 0.0431106 0.103415
0 0.268509 0.316851 0.0219131 0.100832
0 0.552682 0.415935 0.0257803 0.105604
0 0.41731 0.21944 0.0186824 0.0738091
0 0.587453 0.385584 0.0374611 0.0835723
0 0.830867 0.274904 0.0278912 0.0832085
0 0.564383 0.213767 0.0179867 0.0684632
0 0.83402 0.273281 0.0202759 0.0797598
