0 0.492019 0.595595 0.0428658 0.116491
0 0.785299 0.5923 0.0375832 0.128868
0 0.890858 0.481643 0.0301819 0.118038
0 0.588615 0.372201 0.0236122 0.0988515
0 0.686525 0.394773 0.0240139 0.0988913
0 0.134046 0.448973 0.0262317 0.117744
0 0.900328 0.25751 0.0214191 0.0845986
0 0.309835 0.692245 0.0408943 0.144918
0 0.415211 0.288423 0.0158796 0.0848398
0 0.468671 0.291029 0.0219079 0.0950849
0 0.736946 0.349292 0.0210501 0.0921967
0 0.582944 0.199241 0.0163538 0.0702852
0 0.702169 0.184243 0.0166178 0.0652225
0 0.311599 0.65325 0.0434701 0.227202
0 0.0112957 0.983738 0.0212496 0.0325241
