0 0.51904 0.461192 0.0399855 0.128593
0 0.953811 0.255923 0.0320847 0.10547
0 0.636497 0.532314 0.0368596 0.125378
0 0.0133537 0.445321 0.0266803 0.124079
0 0.625966 0.418302 0.0281672 0.122598
0 0.293342 0.384869 0.0498794 0.122073
0 0.15039 0.294162 0.0317973 0.101156
0 0.426952 0.346204 0.0549345 0.117997
0 0.442564 0.341287 0.0266008 0.118334
0 0.302685 0.383618 0.0297561 0.119347
0 0.419531 0.352921 0.043211 0.107241
32 0.701328 0.98536 0.0219774 0.0292807
0 0.437238 0.345643 0.0348864 0.116952
32 0.662466 0.570571 0.0142508 0.0213618
0 0.0132061 0.428952 0.0250547 0.093476
32 0.828833 0.149415 0.0134548 0.0235033
