0 0.728354 0.356577 0.0475321 0.108062
0 0.727959 0.512169 0.0506073 0.13612
0 0.896087 0.428476 0.0418106 0.124637
0 0.369541 0.465952 0.0369596 0.12256
0 0.531308 0.428218 0.0416504 0.124167
0 0.801569 0.37693 0.0264277 0.112874
0 0.0613971 0.391343 0.0264552 0.120003
0 0.22318 0.584127 0.0318388 0.135064
0 0.295582 0.361139 0.0225426 0.0937814
0 0.228125 0.388147 0.0305528 0.115192
0 0.457519 0.385697 0.0376126 0.0946354
0 0.493987 0.292838 0.0260081 0.0916374
0 0.226436 0.569397 0.0238554 0.10879
