0 0.952135 0.612013 0.0513557 0.138487
0 0.42589 0.402234 0.0467051 0.112435
0 0.772991 0.424769 0.0560166 0.109532
0 0.0769996 0.58438 0.0545548 0.139975
0 0.585715 0.360044 0.0439074 0.0996314
0 0.658874 0.489387 0.0423613 0.133638
32 0.717856 0.535314 0.0125662 0.0196611
0 0.652592 0.362975 0.0289721 0.0987761
0 0.344153 0.29168 0.040164 0.0943225
0 0.351601 0.291631 0.0255507 0.0931149
0 0.190449 0.418146 0.0405724 0.102017
0 0.218524 0.443631 0.0292829 0.0956911
0 0.664195 0.48373 0.0301943 0.124707
0 0.0724951 0.39853 0.0224077 0.108816
0 0.21418 0.454315 0.0395256 0.113819
0 0.194274 0.409544 0.0366823 0.092499
0 0.0878611 0.585783 0.0317907 0.142575
0 0.783845 0.424726 0.0357529 0.112681
0 0.112652 0.349036 0.027858 0.0883022
0 0.0718819 0.38365 0.022936 0.0782279
