0 0.631281 0.413009 0.0331669 0.122691
0 0.52634 0.46426 0.036166 0.139995
0 0.295278 0.381471 0.0490701 0.11535
0 0.655813 0.532147 0.0413651 0.125311
0 0.968717 0.256446 0.0388277 0.0989441
0 0.457856 0.337428 0.0261185 0.110089
0 0.023184 0.439207 0.0454362 0.123443
0 0.429736 0.354203 0.0314267 0.108689
0 0.159948 0.288349 0.0434416 0.0976358
0 0.16709 0.28735 0.0287135 0.0954082
0 0.022898 0.43366 0.0349696 0.109816
0 0.433032 0.34315 0.0231228 0.0981306
0 0.166871 0.278493 0.021518 0.0806817
