0 0.737962 0.590941 0.0343224 0.1378
0 0.167661 0.61191 0.0384376 0.135315
0 0.436619 0.407313 0.022908 0.103647
0 0.510176 0.542923 0.0341451 0.106363
0 0.254783 0.302619 0.0217999 0.0895649
0 0.229425 0.717268 0.0379008 0.143303
0 0.977291 0.484564 0.0267567 0.100309
0 0.788872 0.524854 0.0312206 0.124744
0 0.309392 0.313951 0.021664 0.101028
0 0.581049 0.410635 0.0199875 0.103152
0 0.452656 0.215026 0.0166829 0.0713526
0 0.456064 0.581861 0.0359928 0.0964964
0 0.591876 0.210355 0.0166554 0.0646674
0 0.843881 0.276962 0.0237558 0.0733171
0 0.459631 0.570537 0.0292515 0.073881
32 0.534481 0.591028 0.01096 0.0216471
0 0.61117 0.382281 0.0250927 0.0852681
