0 0.200388 0.42087 0.0333929 0.113377
0 0.0686535 0.727687 0.0302841 0.16122
0 0.609999 0.535739 0.031195 0.118833
0 0.505212 0.50218 0.0401919 0.101984
0 0.729333 0.27593 0.0292776 0.0839523
0 0.720724 0.542169 0.039842 0.142536
0 0.434344 0.589723 0.0282734 0.13368
32 0.541689 0.551064 0.0120092 0.0188832
0 0.391703 0.424508 0.0311645 0.0882943
0 0.404648 0.217322 0.0214934 0.0770332
0 0.480595 0.395696 0.0236362 0.102386
0 0.217845 0.210583 0.0166687 0.0757517
0 0.951045 0.332593 0.0255924 0.0756853
0 0.436206 0.575524 0.0254038 0.103634
0 0.978877 0.373943 0.0391296 0.170428
0 0.0303929 0.323231 0.025288 0.11621
0 0.974592 0.411628 0.0269737 0.0935411
0 0.481597 0.380504 0.0204517 0.071278
