0 0.504732 0.500701 0.0409008 0.102488
0 0.701017 0.552946 0.055472 0.137625
0 0.567954 0.515707 0.0398762 0.114681
0 0.418623 0.590434 0.0279516 0.13194
0 0.699827 0.275622 0.025507 0.0853641
0 0.0186343 0.730093 0.0323053 0.158856
0 0.135436 0.421586 0.0194576 0.116851
0 0.948679 0.40354 0.0294754 0.1026
0 0.927641 0.336448 0.0287323 0.0837546
0 0.149059 0.212424 0.0263378 0.0744609
0 0.448205 0.388745 0.0244752 0.0958066
0 0.674571 0.494955 0.0245576 0.0938805
0 0.352303 0.412956 0.0198765 0.0935386
0 0.349978 0.416425 0.0257833 0.104301
0 0.359291 0.217486 0.0145069 0.0699236
0 0.444189 0.391292 0.0268258 0.100052
