0 0.692244 0.495872 0.0504841 0.137262
0 0.821164 0.433635 0.0463726 0.115461
0 0.477134 0.410412 0.0355824 0.114534
0 0.129726 0.396945 0.0264766 0.107758
0 0.139553 0.58539 0.0237806 0.134688
0 0.406088 0.294216 0.0225726 0.0939607
0 0.179665 0.348525 0.0296041 0.101634
0 0.635723 0.361137 0.0460041 0.0977383
0 0.400785 0.293487 0.0325647 0.0960212
0 0.707399 0.368153 0.0261658 0.102351
0 0.275446 0.470009 0.0362253 0.104161
0 0.644211 0.357708 0.028503 0.0933189
0 0.47816 0.406214 0.0264986 0.106073
