0 0.976846 0.427588 0.0344173 0.124768
0 0.432966 0.454139 0.0274594 0.110393
0 0.199808 0.401438 0.0241846 0.121105
0 0.337902 0.388616 0.0306067 0.109224
0 0.592436 0.281058 0.0339634 0.100123
0 0.818005 0.381096 0.0444452 0.0951138
0 0.508697 0.482336 0.0566463 0.135285
0 0.670327 0.535151 0.0257351 0.13126
0 0.357102 0.577643 0.0271186 0.134543
0 0.984402 0.769611 0.0306732 0.147429
0 0.188118 0.216983 0.0190925 0.0849522
0 0.89638 0.358378 0.0402008 0.109036
0 0.889038 0.360039 0.0257404 0.105965
0 0.663679 0.533937 0.0361166 0.132415
0 0.902564 0.35487 0.0275372 0.0997894
0 0.302135 0.117023 0.0173523 0.0783166
0 0.887376 0.356026 0.0195316 0.0965619
