0 0.36769 0.467613 0.0378062 0.125115
0 0.055495 0.389931 0.0335865 0.124042
0 0.731267 0.512755 0.0553482 0.138782
0 0.896647 0.428834 0.0357807 0.120362
0 0.80053 0.376967 0.0233913 0.108983
0 0.2188 0.584633 0.0384182 0.136405
0 0.724938 0.355213 0.0439283 0.106142
0 0.535382 0.429459 0.0240929 0.123671
0 0.224034 0.38675 0.0345298 0.113939
0 0.291403 0.360374 0.0221363 0.0925969
0 0.453727 0.385924 0.0396278 0.093239
0 0.492838 0.293874 0.0209976 0.0908604
0 0.525509 0.428017 0.044503 0.126762
0 0.732583 0.355246 0.0296039 0.104069
