0 0.202276 0.439103 0.0283003 0.119873
0 0.356621 0.672618 0.0426476 0.144118
0 0.800696 0.333103 0.0192154 0.0904711
0 0.823759 0.572821 0.042795 0.124761
0 0.47753 0.27527 0.0159473 0.0831654
0 0.975616 0.45469 0.0322487 0.117321
0 0.404336 0.623878 0.0300334 0.140589
0 0.556111 0.649231 0.0465405 0.121965
0 0.719157 0.379912 0.0259384 0.108355
0 0.485009 0.616363 0.0300232 0.108994
0 0.53034 0.279081 0.0185706 0.0966176
0 0.486326 0.617513 0.0435925 0.112277
0 0.634447 0.186842 0.0169366 0.0773623
0 0.930381 0.239885 0.0228088 0.0814978
0 0.6697 0.352019 0.0195817 0.0949291
0 0.750161 0.169925 0.0163967 0.0671411
0 0.0262011 0.967106 0.0270215 0.0650714
0 0.0625124 0.975969 0.0292841 0.0480623
0 0.135095 0.983426 0.0267089 0.0331484
0 0.36328 0.670658 0.0304994 0.145126
