0 0.677508 0.578473 0.0438187 0.13001
0 0.323385 0.418745 0.0307732 0.112066
0 0.0745579 0.600588 0.045898 0.131296
0 0.754554 0.540038 0.0442398 0.130629
0 0.51437 0.521417 0.0272518 0.0990768
0 0.152956 0.717891 0.0460411 0.161987
0 0.178138 0.318991 0.0246011 0.108591
0 0.12385 0.304239 0.0208671 0.0941905
0 0.855354 0.493329 0.029427 0.0962856
32 0.561364 0.571141 0.011773 0.0215642
0 0.343464 0.217975 0.0155735 0.0768505
0 0.487992 0.416867 0.0288694 0.0942624
0 0.550548 0.386897 0.0241011 0.0860953
0 0.505573 0.214943 0.019722 0.0729405
0 0.993575 0.342045 0.0119816 0.0668009
0 0.801371 0.268224 0.0152689 0.0583795
0 0.460252 0.569885 0.0305943 0.0961004
0 0.451995 0.583271 0.0540606 0.123527
0 0.491237 0.408865 0.0216605 0.0781384
0 0.460225 0.561341 0.0253389 0.0778785
0 0.99194 0.33915 0.0154839 0.0740211
