0 0.234217 0.435504 0.0230529 0.115035
0 0.386571 0.667737 0.034021 0.122155
0 0.651544 0.65409 0.037213 0.133904
0 0.867672 0.563795 0.0373478 0.121862
0 0.927357 0.234628 0.0218662 0.0828506
0 0.547598 0.274982 0.0148707 0.0926192
0 0.714421 0.368259 0.0290363 0.119789
0 0.823414 0.322309 0.0206985 0.0905727
0 0.494523 0.269826 0.0163066 0.0857693
0 0.449358 0.633024 0.0459452 0.139028
0 0.760417 0.166393 0.0141276 0.063895
32 0.502178 0.679116 0.0121677 0.0244524
0 0.136547 0.979583 0.0257288 0.0408346
0 0.0640707 0.973488 0.0322498 0.0530246
0 0.0284713 0.964953 0.0275599 0.0696869
0 0.64643 0.181511 0.0152299 0.0698513
0 0.64702 0.152543 0.0210836 0.123144
0 0.457725 0.632316 0.0664646 0.137004
