0 0.779895 0.596761 0.0322306 0.128842
0 0.469412 0.595283 0.0464941 0.105511
0 0.865191 0.488374 0.0274788 0.124497
0 0.109789 0.451401 0.0205338 0.121866
0 0.670162 0.396213 0.0229943 0.10119
0 0.293346 0.700847 0.04816 0.13924
0 0.389551 0.291934 0.0192491 0.0863553
0 0.561068 0.379803 0.0218159 0.0936569
0 0.443644 0.29586 0.0183624 0.0970335
0 0.287676 0.617829 0.0308473 0.13085
0 0.71319 0.356584 0.0205329 0.0916875
0 0.501792 0.577903 0.0273569 0.100593
0 0.881481 0.26629 0.0331226 0.0687631
0 0.561648 0.203427 0.0166837 0.0708375
0 0.684418 0.188767 0.0140226 0.064699
0 0.88725 0.264534 0.0204077 0.0666811
