0 0.379931 0.578691 0.0248845 0.138354
0 0.618824 0.273945 0.0313143 0.0940194
0 0.365189 0.387721 0.0254318 0.114227
0 0.240405 0.401874 0.0257916 0.120371
0 0.549932 0.48961 0.0377334 0.115007
0 0.451914 0.469766 0.0319425 0.111645
0 0.9218 0.3411 0.0224146 0.109405
0 0.508271 0.485177 0.0409235 0.117418
0 0.675683 0.542673 0.0261998 0.139199
0 0.876649 0.384492 0.0512875 0.0872967
0 0.89652 0.349971 0.0190485 0.101244
0 0.2338 0.213817 0.018227 0.0886079
0 0.870702 0.384516 0.0351917 0.0890558
0 0.51274 0.464249 0.03274 0.0774579
0 0.663526 0.541458 0.0529804 0.137527
