0 0.443444 0.41234 0.0380217 0.119025
0 0.971896 0.616666 0.0467735 0.146103
0 0.790369 0.426852 0.0475473 0.114159
0 0.363442 0.291333 0.034458 0.0916418
0 0.0947529 0.583624 0.0529287 0.142727
0 0.673524 0.498102 0.0323645 0.130553
0 0.666053 0.36634 0.0433426 0.100981
0 0.234415 0.455657 0.0428652 0.107989
0 0.607451 0.361792 0.0326932 0.0999625
0 0.0915785 0.393656 0.0326493 0.106912
32 0.710576 0.527881 0.0124266 0.0203138
0 0.138158 0.349865 0.024263 0.0982163
0 0.216637 0.412697 0.0398847 0.104833
0 0.610016 0.342258 0.0287856 0.06227
0 0.669642 0.36237 0.0317528 0.0968618
0 0.220931 0.405818 0.0291175 0.0935275
