0 0.634615 0.547905 0.0293215 0.128201
32 0.554372 0.557216 0.0113688 0.0210341
0 0.239798 0.419149 0.0199839 0.117395
0 0.728928 0.551823 0.0387897 0.132639
0 0.0763209 0.321327 0.026576 0.114016
0 0.0189983 0.596332 0.0336771 0.136904
0 0.0920533 0.720006 0.0484187 0.161412
0 0.753102 0.276427 0.027018 0.0875587
0 0.95944 0.333418 0.0402035 0.0811988
0 0.256056 0.21452 0.0221811 0.0730158
0 0.0244528 0.303643 0.0267523 0.0944109
0 0.50628 0.38317 0.020388 0.0791763
0 0.510373 0.505456 0.0267588 0.096785
0 0.771411 0.49555 0.0278999 0.0889804
0 0.438492 0.216304 0.0172918 0.0793415
0 0.511978 0.503059 0.0192242 0.0958008
0 0.44924 0.581321 0.0405348 0.127211
0 0.420883 0.419452 0.0299854 0.0986416
0 0.441845 0.579568 0.0575418 0.132295
0 0.42 0.438073 0.0285484 0.062925
0 0.981864 0.417441 0.03557 0.0854865
0 0.0982095 0.708915 0.0317201 0.137982
0 0.507508 0.389745 0.0245076 0.0948873
0 0.426469 0.416012 0.0226136 0.0915126
