0 0.189391 0.423476 0.0364421 0.114904
0 0.724383 0.275533 0.0329372 0.0868371
0 0.604645 0.526602 0.0287317 0.120463
0 0.718053 0.534886 0.0364365 0.159391
0 0.474083 0.393653 0.0297201 0.0945089
0 0.429694 0.588137 0.0342146 0.135438
0 0.0588083 0.727397 0.0351107 0.164467
0 0.502616 0.501906 0.038084 0.0989936
0 0.968079 0.412264 0.0338362 0.0967814
0 0.0198111 0.321754 0.0238399 0.115265
0 0.944572 0.336667 0.0297131 0.0801392
0 0.383898 0.43536 0.0360314 0.0709173
0 0.207252 0.209992 0.0168882 0.0779808
0 0.397733 0.218228 0.0225843 0.0785215
0 0.972768 0.409355 0.0271452 0.0938828
0 0.432991 0.5731 0.0224379 0.101717
