0 0.0631968 0.423587 0.0364818 0.124128
0 0.680446 0.545067 0.0473376 0.134603
0 0.616441 0.488424 0.0435312 0.107632
0 0.480514 0.487241 0.0351185 0.115766
0 0.300448 0.406605 0.0339218 0.106034
0 0.528057 0.503629 0.0481284 0.113135
0 0.665428 0.275039 0.0193383 0.0858621
0 0.402017 0.578924 0.0266867 0.127552
0 0.077982 0.207914 0.0177798 0.0829593
0 0.304096 0.21577 0.0202369 0.0813391
0 0.303665 0.406192 0.0211365 0.100277
0 0.407052 0.386936 0.031778 0.102109
0 0.412569 0.386661 0.0208817 0.100591
0 0.945747 0.334141 0.0224535 0.0909909
32 0.584259 0.465596 0.00994616 0.0165744
0 0.920765 0.391405 0.0395294 0.102313
0 0.5392 0.4934 0.0255573 0.0971842
0 0.401693 0.564828 0.0223835 0.0958298
