0 0.944979 0.424761 0.0402771 0.118594
0 0.327051 0.572334 0.0427506 0.149521
0 0.473544 0.494924 0.0338928 0.118517
0 0.141148 0.220128 0.0193867 0.082713
0 0.565842 0.281332 0.0295843 0.0934731
0 0.157734 0.400603 0.0390727 0.11704
0 0.738846 0.380722 0.0309555 0.102909
0 0.502398 0.464162 0.0272314 0.107929
0 0.314598 0.387003 0.0225374 0.0984409
0 0.40421 0.441514 0.0240806 0.109684
0 0.668096 0.534305 0.0249054 0.133378
0 0.982104 0.767262 0.035252 0.137536
0 0.873086 0.367165 0.0251907 0.113192
32 0.621296 0.43868 0.011763 0.0195009
0 0.873691 0.358284 0.0198866 0.0922874
0 0.157702 0.419051 0.0380911 0.0805893
