0 0.906863 0.430613 0.0409903 0.122335
0 0.817208 0.377099 0.0270454 0.120322
0 0.225196 0.581672 0.0449537 0.135309
0 0.754064 0.356022 0.0252049 0.114384
0 0.533165 0.435093 0.0328945 0.131875
0 0.0709698 0.389909 0.0417668 0.118015
0 0.718588 0.524698 0.0501371 0.136848
0 0.312115 0.379129 0.023034 0.105036
0 0.38111 0.476746 0.0415502 0.119055
0 0.728004 0.524588 0.0290955 0.140173
0 0.47689 0.379723 0.0336612 0.0796911
0 0.503657 0.290865 0.0303703 0.0939491
0 0.248717 0.386728 0.0233197 0.101397
0 0.00735393 0.231185 0.0145453 0.0745345
0 0.480043 0.375045 0.0239479 0.0735915
0 0.238708 0.38938 0.0428308 0.108134
