0 0.139808 0.407699 0.0368155 0.119208
0 0.457672 0.492913 0.0262146 0.127904
0 0.508579 0.468248 0.028734 0.121105
0 0.389641 0.427339 0.0224004 0.112876
0 0.936822 0.425003 0.0400501 0.117456
0 0.678799 0.379703 0.0237251 0.0938163
0 0.293794 0.583515 0.0456238 0.141193
0 0.667929 0.532713 0.0520468 0.131422
0 0.555955 0.290488 0.0263584 0.0935446
0 0.303316 0.393531 0.0207421 0.104869
0 0.114135 0.224929 0.0217256 0.0770269
0 0.868434 0.378188 0.0239471 0.111218
32 0.621325 0.42535 0.0107758 0.0169048
0 0.841457 0.359285 0.0413506 0.115952
0 0.298036 0.394052 0.0329099 0.105291
0 0.678868 0.527426 0.0285978 0.119446
