0 0.719832 0.680032 0.0407038 0.12823
0 0.678942 0.323929 0.0294607 0.0978341
0 0.22259 0.425009 0.0373006 0.113085
0 0.419007 0.646156 0.0903395 0.137518
0 0.475825 0.269255 0.0289516 0.0941377
0 0.905965 0.544615 0.0627125 0.125827
0 0.634697 0.360926 0.0246361 0.0998494
0 0.426394 0.26194 0.0273689 0.0827159
0 0.473231 0.628522 0.0431854 0.114696
0 0.775299 0.304678 0.0257296 0.0910214
0 0.568175 0.16968 0.0199806 0.0680787
0 0.896332 0.54547 0.0382076 0.126143
0 0.902107 0.539949 0.046133 0.112842
0 0.676135 0.323202 0.0210993 0.0955748
0 0.218378 0.423384 0.0256549 0.108772
0 0.686813 0.150064 0.0205992 0.0608778
0 0.827648 0.21626 0.0188814 0.076581
0 0.901731 0.53605 0.0279032 0.104935
