0 0.283079 0.585252 0.0405024 0.145878
0 0.435408 0.495304 0.0410379 0.117899
0 0.93198 0.427696 0.0487715 0.116035
0 0.863871 0.378984 0.041534 0.118328
0 0.622841 0.378596 0.0325165 0.11003
0 0.372702 0.409753 0.0315063 0.0983661
0 0.685045 0.5313 0.0566231 0.127145
0 0.128302 0.410741 0.0266217 0.11877
0 0.286156 0.38996 0.0377363 0.105937
0 0.523783 0.464826 0.0277945 0.116883
0 0.548515 0.295661 0.0257286 0.0904712
0 0.825951 0.354512 0.027277 0.119273
0 0.0876585 0.230104 0.031449 0.0795323
