0 0.847994 0.561978 0.0414909 0.127618
0 0.211744 0.43791 0.0376225 0.119806
0 0.430629 0.63388 0.0507219 0.135831
0 0.374134 0.666413 0.0407071 0.146364
0 0.814739 0.325172 0.0192772 0.0932615
0 0.717886 0.374341 0.0245395 0.105675
0 0.692222 0.340557 0.0192492 0.094976
0 0.53922 0.276857 0.0272244 0.0984537
0 0.93006 0.233714 0.0211857 0.0857247
32 0.493532 0.673469 0.0116275 0.0196584
0 0.64114 0.18373 0.0170517 0.0731172
0 0.470701 0.62043 0.0275934 0.104992
0 0.488088 0.270178 0.0189735 0.0844382
0 0.995308 0.455998 0.00856667 0.105246
0 0.756462 0.165635 0.0155405 0.0687316
0 0.59668 0.675095 0.0190253 0.065244
0 0.0279096 0.965954 0.0271938 0.0669078
0 0.603536 0.643245 0.031384 0.129155
0 0.0634074 0.974032 0.0315481 0.0519357
0 0.608345 0.614863 0.0199478 0.0716363
0 0.601924 0.669525 0.0286682 0.0770359
0 0.137098 0.982152 0.0276917 0.0356967
0 0.992362 0.456987 0.014682 0.109235
