0 0.635607 0.460389 0.0282432 0.125912
0 0.560258 0.48131 0.0407629 0.124679
0 0.757427 0.362042 0.0351137 0.112176
0 0.245096 0.370025 0.0342292 0.102957
0 0.0211753 0.610013 0.0415185 0.150383
0 0.34106 0.365497 0.025927 0.11242
0 0.480792 0.505033 0.0390854 0.114314
0 0.0598944 0.497941 0.0477026 0.134201
0 0.480591 0.406316 0.0364819 0.0786792
0 0.0614087 0.485322 0.040629 0.114791
0 0.058483 0.473193 0.0268429 0.0947259
32 0.0762174 0.554444 0.0145466 0.0220024
0 0.490386 0.490445 0.0566921 0.129872
0 0.482141 0.425311 0.0409803 0.116922
