0 0.758955 0.596498 0.0479048 0.126421
0 0.486936 0.396017 0.0213951 0.102069
0 0.257356 0.709665 0.0418771 0.146723
32 0.545045 0.599299 0.0125513 0.020467
0 0.367222 0.308269 0.0213922 0.104975
0 0.807483 0.511523 0.0419521 0.112658
0 0.509286 0.559721 0.0266943 0.114081
0 0.0339992 0.466495 0.0286316 0.122173
0 0.311629 0.301614 0.0193058 0.0878214
0 0.211138 0.615093 0.0395555 0.142
0 0.620371 0.409865 0.0315758 0.104874
0 0.46066 0.583841 0.0346443 0.0972669
0 0.452154 0.58612 0.0529413 0.0957853
0 0.498783 0.212673 0.0190949 0.0716697
0 0.646443 0.375189 0.023457 0.0758986
0 0.629739 0.204434 0.0183229 0.0653898
