0 0.745394 0.420858 0.0378489 0.109465
0 0.894426 0.588515 0.0480511 0.135253
0 0.0407375 0.593812 0.0449598 0.136911
0 0.400639 0.404544 0.035483 0.116053
0 0.171398 0.452049 0.0396572 0.118481
0 0.307834 0.293362 0.0286261 0.0922837
0 0.133222 0.416627 0.0517701 0.105868
0 0.612138 0.358535 0.0388777 0.108546
0 0.629654 0.490841 0.0496424 0.132542
0 0.559744 0.354948 0.0258739 0.0903158
32 0.725792 0.550188 0.0135355 0.0224194
0 0.640352 0.491428 0.0274776 0.133471
0 0.617463 0.356521 0.0258919 0.108308
0 0.0646289 0.34169 0.0254479 0.0969573
0 0.54973 0.359122 0.0436087 0.101443
0 0.170845 0.474442 0.0398218 0.0763726
