0 0.776886 0.35929 0.0418305 0.116022
0 0.0892131 0.397512 0.0416508 0.109573
0 0.405004 0.483395 0.0288209 0.119255
0 0.713321 0.524872 0.0257469 0.138487
0 0.263404 0.395095 0.0218639 0.108994
0 0.335393 0.389719 0.0265055 0.106113
0 0.528669 0.442898 0.0451618 0.126293
0 0.837238 0.378709 0.0240627 0.116812
0 0.916741 0.434161 0.0280657 0.111847
0 0.239661 0.581726 0.050649 0.132316
0 0.247335 0.582817 0.0355872 0.134298
0 0.706545 0.524739 0.0374228 0.140899
0 0.52091 0.291727 0.0309607 0.0905097
0 0.038154 0.230794 0.0264381 0.0787502
0 0.25807 0.394361 0.0314988 0.107003
0 0.531307 0.380179 0.0305645 0.0863254
0 0.531807 0.373147 0.025482 0.0736702
0 0.0924207 0.393186 0.0293603 0.0979621
