0 0.265778 0.490754 0.0295861 0.135588
0 0.540479 0.470146 0.031953 0.11744
0 0.449756 0.469309 0.0481544 0.115262
0 0.0811074 0.540222 0.0491688 0.138173
0 0.0561632 0.467108 0.0251531 0.141151
0 0.586657 0.464384 0.0278959 0.147078
0 0.226666 0.620596 0.037636 0.161206
0 0.826652 0.480147 0.0361187 0.157355
0 0.3435 0.369403 0.0342878 0.122233
0 0.411976 0.403556 0.0331307 0.116573
0 0.487482 0.440484 0.0279701 0.0994959
0 0.82627 0.36413 0.0312294 0.088176
0 0.490756 0.442737 0.0395365 0.0958939
