0 0.255114 0.457753 0.0389507 0.111765
0 0.460195 0.415601 0.0287107 0.117499
0 0.104671 0.399003 0.0392219 0.110656
0 0.117658 0.588922 0.0421173 0.140762
0 0.683974 0.37066 0.0370506 0.111145
0 0.386162 0.294742 0.0236906 0.0905845
0 0.808407 0.43142 0.0389359 0.115376
0 0.159625 0.346076 0.0283833 0.0974316
0 0.983818 0.629794 0.0318884 0.155766
0 0.690403 0.49721 0.029224 0.134678
0 0.627017 0.359851 0.026247 0.102368
0 0.682568 0.496924 0.0443773 0.135668
0 0.244554 0.410284 0.0452802 0.102091
0 0.619389 0.360321 0.0407528 0.103515
0 0.251145 0.400627 0.0265091 0.0840804
