0 0.327387 0.690258 0.0429854 0.139473
0 0.703592 0.387361 0.0222863 0.108848
0 0.787293 0.593622 0.0483342 0.125996
0 0.155105 0.444689 0.0271197 0.117889
0 0.616527 0.36398 0.0220453 0.0960892
0 0.918468 0.475723 0.0329952 0.114263
0 0.758113 0.34506 0.0187206 0.0885766
0 0.490491 0.286906 0.026934 0.095771
0 0.439669 0.279949 0.0177404 0.0865371
0 0.603682 0.195788 0.0173682 0.0735085
0 0.917421 0.246638 0.0206736 0.0865679
0 0.505428 0.605358 0.0428587 0.126894
0 0.495991 0.604719 0.0394594 0.121368
0 0.346048 0.620361 0.0236245 0.131843
0 0.720767 0.178946 0.0156961 0.0694468
0 0.51139 0.604771 0.0322572 0.118931
0 0.595387 0.114344 0.0165138 0.067437
