0 0.666904 0.535734 0.0458928 0.134639
0 0.440226 0.460886 0.0350669 0.11392
0 0.215886 0.401265 0.0324844 0.121141
0 0.369694 0.579493 0.0315345 0.133485
0 0.350782 0.387534 0.0246594 0.110861
0 0.909534 0.357008 0.029578 0.110601
0 0.84818 0.386237 0.0390966 0.0888463
0 0.607159 0.276537 0.0180199 0.0852546
0 0.528844 0.484178 0.0229225 0.1265
0 0.206438 0.214185 0.0191077 0.0853472
0 0.891814 0.342504 0.0198597 0.0852971
0 0.991946 0.77291 0.0155014 0.152193
0 0.513093 0.473939 0.0316779 0.119332
0 0.988922 0.433043 0.0216671 0.119568
32 0.62216 0.443081 0.0144 0.0204003
0 0.894653 0.350752 0.036779 0.103117
0 0.329229 0.117034 0.0194437 0.079043
0 0.518825 0.478313 0.0422978 0.131113
