0 0.673584 0.547649 0.0324682 0.136298
0 0.384218 0.578206 0.0415378 0.137259
0 0.517593 0.496341 0.0304905 0.110823
0 0.271033 0.407021 0.0279643 0.114163
0 0.667309 0.54589 0.0435413 0.139584
0 0.930469 0.337572 0.0343807 0.107847
0 0.383503 0.389859 0.0342205 0.107692
0 0.586229 0.487489 0.0319835 0.110467
0 0.033628 0.206073 0.0308688 0.0840166
0 0.460343 0.486731 0.0344715 0.117489
0 0.0187323 0.421929 0.026367 0.124217
0 0.893241 0.36452 0.0321598 0.136579
0 0.635981 0.273922 0.0353429 0.0858017
0 0.982259 0.769348 0.0349144 0.117753
0 0.643862 0.269394 0.0187104 0.079574
0 0.269198 0.211964 0.0266099 0.0895827
0 0.383442 0.414376 0.0337175 0.059386
0 0.989354 0.765681 0.0205791 0.107697
