0 0.380569 0.579265 0.0331808 0.136592
0 0.622588 0.275142 0.029583 0.0902338
0 0.247704 0.405645 0.0224674 0.113004
0 0.555679 0.490213 0.0416795 0.116712
0 0.450755 0.474147 0.0338259 0.111663
0 0.506602 0.486321 0.0468751 0.111052
0 0.666293 0.539623 0.0532286 0.141506
0 0.36816 0.388598 0.0226188 0.110361
0 0.882718 0.383456 0.0517719 0.0866041
0 0.678226 0.539995 0.0291753 0.139212
0 0.240996 0.214187 0.0155579 0.0858041
0 0.873415 0.381613 0.0332836 0.0867661
0 0.921261 0.342683 0.02579 0.11624
0 0.895241 0.366803 0.0296661 0.112223
0 0.992298 0.780016 0.0147903 0.155906
0 0.923584 0.325961 0.0223194 0.0802411
