0 0.459674 0.494895 0.0280406 0.121597
0 0.300954 0.583071 0.048958 0.139544
0 0.666129 0.533819 0.0512169 0.132112
0 0.143807 0.409102 0.0372112 0.118075
0 0.93807 0.424208 0.0379478 0.116179
0 0.392056 0.426196 0.0247277 0.108615
0 0.508103 0.467805 0.0259996 0.118126
0 0.559814 0.290785 0.0190348 0.0919587
0 0.687375 0.380687 0.0203701 0.0983053
32 0.62173 0.425165 0.0106187 0.0168178
0 0.868669 0.373689 0.029491 0.111889
0 0.845324 0.359435 0.0401732 0.113045
0 0.11736 0.224698 0.0244103 0.0762779
0 0.305609 0.391261 0.0215284 0.102163
0 0.298231 0.392259 0.0403687 0.104182
0 0.84516 0.351577 0.0325758 0.0980588
0 0.990096 0.774579 0.01922 0.123494
