0 0.712055 0.587448 0.0388432 0.134155
0 0.902647 0.49254 0.028451 0.0992003
0 0.112698 0.608418 0.0363428 0.138264
0 0.515396 0.539054 0.0367542 0.107048
0 0.369875 0.41374 0.0230104 0.112051
0 0.176452 0.303819 0.0195665 0.0942678
0 0.231208 0.317706 0.0220509 0.105968
0 0.457932 0.584084 0.0345057 0.113574
0 0.18956 0.716277 0.0274956 0.147709
0 0.769441 0.531574 0.0272013 0.128068
0 0.522429 0.41891 0.0349937 0.101741
0 0.46307 0.583133 0.0255383 0.112512
0 0.385964 0.219453 0.0191282 0.071159
0 0.821226 0.2752 0.0174812 0.0785334
0 0.540798 0.21361 0.0167898 0.06521
0 0.571545 0.389029 0.0282728 0.0849764
0 0.522724 0.433425 0.0329628 0.0750359
0 0.574468 0.374768 0.0216724 0.0573491
32 0.549343 0.578221 0.0130489 0.0214164
