0 0.904157 0.431188 0.0460745 0.120634
0 0.228506 0.584823 0.0410532 0.140045
0 0.0731519 0.391008 0.0365244 0.11836
0 0.534349 0.437668 0.0344297 0.124083
0 0.313695 0.379989 0.0254098 0.101183
0 0.385118 0.476295 0.0420964 0.11924
0 0.759019 0.352919 0.0242888 0.117726
0 0.819774 0.377769 0.0268858 0.120069
0 0.484313 0.381488 0.0355675 0.088071
0 0.730213 0.520835 0.0352175 0.137669
0 0.241601 0.387634 0.0441605 0.106045
0 0.510551 0.28702 0.0216715 0.0849266
0 0.720959 0.518286 0.0541397 0.13483
0 0.0107486 0.235344 0.0146207 0.072628
0 0.250324 0.386734 0.0269236 0.103021
