0 0.286889 0.587137 0.0417074 0.138727
0 0.292201 0.393171 0.032151 0.109643
0 0.683463 0.536382 0.0393426 0.133811
0 0.377937 0.415561 0.0294366 0.113363
0 0.443182 0.495707 0.0351427 0.121484
0 0.866193 0.379905 0.0337166 0.119109
0 0.940912 0.426632 0.0411165 0.11047
0 0.132883 0.406934 0.0240071 0.111362
0 0.83383 0.355759 0.0259317 0.116424
0 0.645514 0.382927 0.0317417 0.102728
0 0.511605 0.464493 0.0525051 0.11113
0 0.551548 0.29449 0.0334711 0.0946622
0 0.555381 0.293983 0.0221158 0.0942185
0 0.0952973 0.230246 0.0332356 0.0808092
0 0.103081 0.224111 0.017491 0.0708778
0 0.521235 0.463413 0.0314723 0.110186
