0 0.180236 0.421956 0.0352229 0.117006
0 0.712898 0.536276 0.0316145 0.158957
0 0.42604 0.588103 0.041025 0.139339
0 0.599913 0.526279 0.0284691 0.11789
0 0.0497286 0.727208 0.0391972 0.167994
0 0.467819 0.392533 0.0339584 0.0986094
0 0.501816 0.502598 0.0350418 0.0995794
0 0.378273 0.430526 0.0392229 0.0790779
0 0.717968 0.27734 0.0378384 0.0859838
0 0.96229 0.411258 0.0437656 0.0957638
0 0.39027 0.219809 0.0265979 0.0802246
0 0.724362 0.278018 0.0247204 0.0876534
0 0.197758 0.209917 0.0154522 0.0782571
0 0.9438 0.334256 0.0241146 0.0778255
0 0.0107146 0.324438 0.0213623 0.114984
0 0.499293 0.494772 0.0288253 0.0875058
0 0.425613 0.618817 0.0391193 0.0791977
