0 0.637868 0.548858 0.0360859 0.120307
0 0.249672 0.417497 0.0186708 0.117767
0 0.0223267 0.594623 0.0446524 0.137999
0 0.726859 0.550093 0.0490616 0.134981
32 0.556544 0.558244 0.0112512 0.021716
0 0.440586 0.579667 0.0502114 0.130284
0 0.0990599 0.718511 0.048259 0.16341
0 0.761553 0.274724 0.0200311 0.0842779
0 0.444346 0.219155 0.0217684 0.0753842
0 0.104659 0.715951 0.0337996 0.158797
0 0.510412 0.508518 0.024608 0.100497
0 0.426236 0.423142 0.0304976 0.091698
0 0.512553 0.504906 0.0184529 0.0953679
0 0.265254 0.214144 0.0251874 0.0747123
0 0.962563 0.333013 0.0404781 0.0807558
0 0.780357 0.495275 0.0289341 0.0969086
0 0.0352967 0.302308 0.0226819 0.0917821
0 0.984186 0.418814 0.0308346 0.0842107
0 0.505109 0.390547 0.0358318 0.0975772
0 0.0883899 0.321651 0.0238318 0.109239
0 0.5107 0.385786 0.0243814 0.0894904
0 0.431296 0.41346 0.0264565 0.0925719
0 0.98137 0.375787 0.0368454 0.169165
