0 0.770854 0.59754 0.0373482 0.127643
0 0.836137 0.501142 0.0384443 0.116564
0 0.364675 0.296882 0.0171513 0.0879227
0 0.45674 0.590994 0.0500649 0.101551
0 0.283985 0.700708 0.0475314 0.139023
0 0.505103 0.572356 0.0315713 0.103777
0 0.0856002 0.457401 0.0186855 0.119888
0 0.260672 0.625711 0.0361719 0.139508
0 0.533736 0.386398 0.0254708 0.0972647
0 0.418041 0.300916 0.0209011 0.0984041
32 0.539266 0.607956 0.0121038 0.0194656
0 0.655408 0.401098 0.0191294 0.105443
0 0.689235 0.358853 0.0220972 0.0900781
0 0.540156 0.210707 0.0188824 0.0722812
0 0.665051 0.195407 0.0155957 0.0573316
0 0.465397 0.589279 0.0324322 0.100015
