0 0.706667 0.552239 0.0505829 0.140072
0 0.576915 0.522199 0.0338855 0.119369
0 0.70455 0.276484 0.022356 0.086892
0 0.953764 0.40321 0.0237865 0.0991708
0 0.0274199 0.728046 0.033057 0.16501
0 0.50676 0.500635 0.0413356 0.0997158
0 0.455184 0.386368 0.0166672 0.0928514
0 0.932802 0.335381 0.0268021 0.0798407
0 0.14236 0.42277 0.02485 0.118193
0 0.420317 0.589832 0.0316414 0.136324
0 0.158678 0.21195 0.0277935 0.0760689
0 0.352229 0.423169 0.0273539 0.0914942
0 0.681769 0.493225 0.0285076 0.0889179
32 0.994318 0.835951 0.0104527 0.0332604
0 0.365095 0.219276 0.0155285 0.0718606
0 0.356101 0.41956 0.022837 0.0990806
