0 0.507173 0.468531 0.0371964 0.123409
0 0.454297 0.494066 0.0240592 0.122669
0 0.388068 0.426217 0.0218649 0.11107
0 0.135633 0.404705 0.0393425 0.120233
0 0.936999 0.425178 0.0394844 0.115662
0 0.289681 0.582562 0.0419528 0.140615
0 0.296682 0.393881 0.0303979 0.107622
0 0.670616 0.3848 0.0301868 0.0981679
0 0.553241 0.29036 0.0315853 0.0931784
0 0.839067 0.358861 0.0391041 0.112996
0 0.680317 0.533293 0.0275555 0.132045
0 0.11183 0.225811 0.0210121 0.0784884
0 0.867627 0.378311 0.0254402 0.115862
0 0.671875 0.533978 0.0444609 0.136342
0 0.301027 0.390543 0.0233983 0.104037
32 0.621733 0.42966 0.0103758 0.0184872
