0 0.785312 0.59479 0.0473054 0.133884
0 0.499633 0.60023 0.0398333 0.126003
0 0.695288 0.392407 0.0237632 0.104055
0 0.900808 0.479064 0.037949 0.111727
0 0.602962 0.366773 0.021344 0.0956469
0 0.42744 0.284205 0.0156736 0.0876011
0 0.145306 0.447016 0.026252 0.118528
0 0.480021 0.289808 0.0251036 0.0945577
0 0.747456 0.346436 0.0196625 0.0934584
0 0.594177 0.198917 0.0169853 0.0720831
0 0.318205 0.693517 0.0363579 0.133366
0 0.909045 0.253907 0.0197037 0.0851451
0 0.320894 0.678942 0.0316211 0.137307
0 0.711533 0.184562 0.0156542 0.0639284
0 0.3325 0.588579 0.0240655 0.0812072
0 0.58641 0.116556 0.0160048 0.0703208
