0 0.746652 0.595038 0.0408762 0.136683
0 0.449845 0.585773 0.0445956 0.098347
0 0.793689 0.513656 0.0382875 0.120387
0 0.508775 0.552046 0.0293546 0.115286
0 0.236828 0.715693 0.0503114 0.140247
0 0.278998 0.302062 0.0203248 0.0886658
0 0.0117512 0.471232 0.0235024 0.119239
0 0.334207 0.311824 0.0209752 0.103089
0 0.187576 0.612059 0.0350073 0.12912
0 0.456267 0.402377 0.0251575 0.102513
0 0.597186 0.409044 0.0272143 0.101424
0 0.472343 0.215652 0.0167671 0.0715458
32 0.539748 0.593337 0.0121899 0.0220122
0 0.848595 0.274219 0.0294323 0.0728745
0 0.607876 0.204826 0.0171358 0.0684913
0 0.853874 0.272751 0.0192841 0.0709567
0 0.625161 0.379911 0.0247516 0.0822918
0 0.995069 0.479238 0.00908661 0.105302
0 0.245188 0.714409 0.0343171 0.137297
