0 0.254866 0.585366 0.0355585 0.134938
0 0.700075 0.524106 0.0481916 0.132747
0 0.351615 0.393472 0.024958 0.0992394
0 0.415662 0.484736 0.036472 0.120032
0 0.847931 0.37858 0.0372082 0.121082
0 0.799566 0.357867 0.0452789 0.114165
0 0.108477 0.404696 0.0308393 0.11814
0 0.920045 0.428463 0.0374889 0.112968
0 0.269132 0.391189 0.0377346 0.110142
0 0.563976 0.384808 0.02892 0.0941221
0 0.531118 0.448772 0.0280719 0.120126
0 0.0553691 0.232354 0.0321461 0.083349
0 0.535423 0.289962 0.0199278 0.0890931
0 0.524334 0.451027 0.042228 0.121726
0 0.530924 0.289445 0.0294165 0.0927213
0 0.275501 0.389736 0.0236468 0.107531
