0 0.693138 0.552648 0.0415962 0.136055
0 0.540954 0.505628 0.0438839 0.106552
0 0.407134 0.579727 0.0529684 0.133157
0 0.0867459 0.423361 0.0313499 0.119433
0 0.635094 0.489145 0.0363688 0.099221
0 0.489635 0.491521 0.0344728 0.115817
0 0.314913 0.409375 0.0334663 0.105446
0 0.675794 0.275371 0.0241719 0.0852225
0 0.419389 0.385085 0.040867 0.104824
0 0.101312 0.207978 0.0164158 0.0806867
0 0.928669 0.39077 0.0303242 0.0999692
0 0.426208 0.384378 0.0246328 0.102403
0 0.917652 0.338549 0.0217608 0.0895083
