0 0.743362 0.594568 0.0345081 0.138578
0 0.510766 0.551851 0.0321807 0.116967
0 0.449336 0.405266 0.0260574 0.0982296
0 0.791331 0.517 0.0371948 0.128198
0 0.179585 0.612469 0.036844 0.131704
0 0.233759 0.717587 0.0464661 0.139953
0 0.447922 0.584359 0.0500817 0.0981605
0 0.326325 0.309159 0.0219075 0.101414
0 0.269851 0.301881 0.0208141 0.090637
0 0.593268 0.408761 0.0224949 0.0992072
0 0.619193 0.380847 0.0259531 0.0849475
0 0.466005 0.215171 0.0174137 0.0717381
0 0.00627073 0.473498 0.0125415 0.125887
0 0.603311 0.205926 0.0169287 0.0712384
0 0.843369 0.274157 0.0358852 0.0737634
0 0.848786 0.271666 0.025016 0.0665912
0 0.989753 0.483516 0.0199301 0.102916
32 0.53803 0.592092 0.0132875 0.0232563
0 0.852559 0.266025 0.0178558 0.0568554
