32 0.544144 0.605528 0.0104992 0.0194149
0 0.82589 0.504083 0.0385094 0.116534
0 0.280805 0.700611 0.0359642 0.14315
0 0.457913 0.590066 0.0477125 0.1005
0 0.0728685 0.460569 0.019733 0.118975
0 0.506131 0.572945 0.0320058 0.10441
0 0.247858 0.617439 0.0349866 0.127272
0 0.404982 0.303198 0.0209339 0.0991672
0 0.350739 0.299696 0.0180018 0.0882803
0 0.767468 0.597525 0.0408528 0.125943
0 0.520362 0.391251 0.0239983 0.0952352
0 0.645912 0.404889 0.0193911 0.102023
0 0.529783 0.212214 0.019716 0.0713568
0 0.65582 0.195513 0.0171274 0.0630961
0 0.67724 0.363464 0.0210274 0.0871006
0 0.939311 0.147459 0.0172043 0.065999
0 0.24346 0.648798 0.0299205 0.0718652
