0 0.377292 0.577673 0.0258803 0.138448
0 0.507734 0.482557 0.0401604 0.119511
0 0.361903 0.388147 0.0303803 0.112708
0 0.674088 0.544012 0.0245543 0.134891
0 0.87369 0.387382 0.0501926 0.0871161
0 0.238294 0.402384 0.0229777 0.119482
0 0.544668 0.488344 0.0314142 0.117304
0 0.923454 0.34186 0.0326414 0.105596
0 0.450232 0.469744 0.0317941 0.111537
0 0.61877 0.270859 0.0252559 0.0851773
0 0.22966 0.213771 0.0221864 0.0911959
0 0.89542 0.344819 0.0187241 0.0920304
0 0.61659 0.273871 0.0325886 0.0957392
32 0.618373 0.468876 0.00778761 0.0182747
0 0.994551 0.446757 0.010207 0.110618
0 0.362641 0.115208 0.0170304 0.0750111
0 0.664288 0.545567 0.0429368 0.128633
0 0.989334 0.753921 0.0208008 0.161872
