0 0.924246 0.554635 0.0539097 0.129483
0 0.738085 0.669759 0.0462477 0.132142
0 0.696991 0.372828 0.0305271 0.103576
0 0.728027 0.329562 0.0230491 0.100021
0 0.260764 0.427919 0.0234581 0.103195
0 0.493235 0.638747 0.0281044 0.139897
0 0.489912 0.268832 0.0220215 0.0837988
0 0.539978 0.274354 0.0174802 0.0948755
0 0.899668 0.232167 0.0263371 0.0724388
0 0.830961 0.311258 0.0196541 0.0885132
0 0.635899 0.177913 0.0161366 0.0707792
0 0.754523 0.155688 0.0182154 0.0673877
0 0.453792 0.632872 0.0367028 0.108507
0 0.114294 0.977971 0.0317961 0.0433092
0 0.419863 0.677359 0.0550465 0.0882992
0 0.434871 0.649052 0.0747478 0.132768
0 0.041119 0.973167 0.0335526 0.0536667
