0 0.913495 0.596729 0.0527712 0.134936
0 0.619417 0.364413 0.0363771 0.107059
0 0.406954 0.403211 0.0373327 0.116204
0 0.753899 0.423822 0.037121 0.111901
0 0.147865 0.418069 0.0483519 0.10306
0 0.0556014 0.590661 0.0361007 0.137475
0 0.319649 0.294277 0.0279277 0.0918818
0 0.184392 0.452293 0.0342965 0.117842
0 0.561284 0.359028 0.0468132 0.0999935
0 0.639345 0.486947 0.0580448 0.138516
32 0.725802 0.547707 0.0137634 0.0222522
0 0.569974 0.358463 0.0295679 0.098038
0 0.188093 0.436991 0.0265406 0.0889314
0 0.0774082 0.331573 0.0218984 0.0786213
0 0.760006 0.408062 0.0266756 0.0827574
0 0.569804 0.343386 0.0256987 0.067355
