0 0.404081 0.484653 0.0249338 0.116911
0 0.330025 0.387984 0.0303172 0.111009
0 0.915539 0.434258 0.030654 0.111709
0 0.526058 0.437764 0.0465679 0.118504
0 0.258681 0.39472 0.0291097 0.107013
0 0.714612 0.525675 0.0254578 0.138883
0 0.774888 0.356871 0.0367792 0.112213
0 0.833995 0.376919 0.0280529 0.116127
0 0.248694 0.586296 0.0274335 0.138148
0 0.0904006 0.396287 0.0273368 0.114382
0 0.517274 0.291042 0.0339365 0.0907121
0 0.0318463 0.231024 0.0260279 0.0826853
0 0.523241 0.381541 0.0298904 0.0873793
0 0.833808 0.37137 0.0222157 0.102013
0 0.085054 0.395249 0.0388217 0.114303
0 0.263405 0.375705 0.01938 0.0703408
0 0.237865 0.583895 0.0501329 0.132651
0 0.833428 0.398893 0.0287722 0.0764001
