0 0.674742 0.396638 0.0225636 0.101509
0 0.886344 0.265823 0.0307526 0.0726389
0 0.474089 0.596275 0.0418098 0.103207
0 0.114983 0.450281 0.0213783 0.123312
0 0.872569 0.487205 0.0248135 0.11813
0 0.449954 0.294829 0.0185764 0.0975784
0 0.567711 0.377933 0.0227177 0.0948886
0 0.718427 0.354544 0.022073 0.09631
0 0.501188 0.582571 0.0283974 0.110413
0 0.299039 0.694958 0.0509565 0.147513
0 0.394495 0.290472 0.0197126 0.0860321
0 0.566866 0.204025 0.0166493 0.0724208
0 0.78363 0.595163 0.0296865 0.125589
0 0.299205 0.657786 0.0511555 0.222257
0 0.687963 0.187173 0.0154913 0.0634695
0 0.785248 0.575335 0.0278452 0.0852887
0 0.29568 0.61713 0.0321347 0.145167
