0 0.469943 0.492868 0.0250025 0.11913
0 0.30568 0.390671 0.0349813 0.106369
0 0.319113 0.578012 0.0404157 0.139287
0 0.942015 0.426998 0.0377472 0.116976
0 0.6695 0.539775 0.037575 0.130877
0 0.397931 0.433854 0.0257339 0.110953
0 0.505581 0.461244 0.0328415 0.118972
0 0.151841 0.40649 0.0315538 0.113629
0 0.566688 0.284332 0.0216772 0.0915967
0 0.560694 0.284703 0.0343009 0.0940667
0 0.872589 0.369038 0.0245434 0.114891
0 0.720288 0.379952 0.0324667 0.102364
32 0.620451 0.429748 0.0118423 0.0190333
0 0.985044 0.759541 0.0293524 0.117554
0 0.855308 0.359975 0.0245939 0.112135
0 0.131311 0.221428 0.02139 0.0744069
0 0.716744 0.378954 0.0215662 0.099135
0 0.991627 0.757567 0.0159794 0.114552
