0 0.719837 0.589981 0.0380939 0.138928
0 0.771813 0.531071 0.0311735 0.127575
0 0.191237 0.722967 0.0336861 0.140862
0 0.37797 0.41452 0.0218928 0.109769
0 0.9113 0.491124 0.0265045 0.0999661
0 0.516477 0.540021 0.0264832 0.104557
0 0.823853 0.277284 0.0206749 0.0816752
0 0.240869 0.318073 0.0217802 0.106455
0 0.12003 0.607537 0.0311828 0.130501
0 0.185928 0.302873 0.0206522 0.0924247
0 0.531681 0.417415 0.0336925 0.10344
0 0.466715 0.583246 0.0250073 0.111699
0 0.393587 0.219909 0.0218986 0.0724973
32 0.545098 0.578809 0.0135613 0.0208316
0 0.546599 0.215172 0.0172438 0.0646734
0 0.580803 0.387892 0.0261719 0.0847154
0 0.580804 0.378929 0.0224317 0.0648958
0 0.454818 0.58333 0.048047 0.11141
