0 0.802853 0.583003 0.0428978 0.120516
0 0.715265 0.381735 0.022319 0.106999
0 0.525619 0.62135 0.0368454 0.127182
0 0.641103 0.357725 0.0282734 0.0935895
0 0.946571 0.464611 0.0318287 0.118131
0 0.175234 0.439109 0.0233093 0.122053
0 0.510347 0.282011 0.0202036 0.0943748
0 0.776588 0.33651 0.0220003 0.0918634
0 0.34016 0.688894 0.0444248 0.136967
0 0.495813 0.601908 0.0282627 0.107768
0 0.923466 0.244644 0.030925 0.0810218
0 0.45918 0.277334 0.0221433 0.0871235
0 0.621739 0.189879 0.0147581 0.0710875
0 0.370737 0.633256 0.0263021 0.134221
0 0.73665 0.172841 0.0142384 0.0628505
0 0.0137246 0.967588 0.0272486 0.0648249
0 0.121816 0.984186 0.0267208 0.0316276
0 0.0491383 0.977075 0.0295675 0.0458505
0 0.370201 0.615278 0.0236593 0.0957111
0 0.618554 0.192563 0.0172976 0.0726188
