0 0.0808433 0.721903 0.0393156 0.155197
0 0.622046 0.5449 0.0302069 0.130736
0 0.722212 0.547951 0.0330564 0.139746
0 0.220596 0.419797 0.0266201 0.115841
0 0.494021 0.387519 0.0204951 0.0868962
0 0.0540636 0.320646 0.0263738 0.115258
0 0.74397 0.275176 0.0189674 0.0810548
0 0.958354 0.333073 0.028141 0.0804169
0 0.509002 0.504722 0.0263384 0.0970244
0 0.0100796 0.601468 0.0200781 0.13436
0 0.44291 0.583933 0.0219036 0.12255
0 0.421942 0.219149 0.0172012 0.0747146
0 0.237315 0.211799 0.0190372 0.0731268
0 0.980885 0.378465 0.0376015 0.149992
0 0.752021 0.494249 0.027911 0.084208
32 0.548498 0.553346 0.0120422 0.0195608
0 0.00496224 0.301781 0.00982019 0.0918499
0 0.407873 0.435276 0.0214745 0.0660929
0 0.00815423 0.30189 0.0161886 0.0977575
0 0.438228 0.586816 0.0321877 0.131007
0 0.752056 0.480346 0.0274439 0.0575585
0 0.408881 0.424226 0.0241081 0.0881573
0 0.490034 0.386048 0.0266987 0.0862764
