0 0.595556 0.47768 0.0477278 0.140314
0 0.813737 0.566429 0.0366392 0.136303
0 0.359079 0.38925 0.0503735 0.108802
32 0.728047 0.568955 0.01359 0.0221675
0 0.702945 0.420003 0.047583 0.122817
0 0.255812 0.292668 0.0388547 0.0982182
0 0.564733 0.356884 0.0282118 0.114851
0 0.0722306 0.421744 0.0428883 0.108179
0 0.507841 0.351762 0.0463587 0.102465
0 0.125919 0.446485 0.0309512 0.113426
0 0.711093 0.420928 0.0296574 0.12149
0 0.516961 0.351504 0.0278158 0.103936
0 0.261472 0.292052 0.0276944 0.0956366
0 0.0102525 0.587447 0.0204486 0.13313
0 0.367067 0.387406 0.0333147 0.104493
32 0.909827 0.984923 0.0250303 0.0284968
0 0.264511 0.291429 0.0191637 0.0939704
0 0.127939 0.433005 0.0264031 0.0881665
