0 0.4348 0.453247 0.0311353 0.105871
0 0.828654 0.381746 0.0409012 0.0954977
0 0.662287 0.535138 0.0488684 0.135737
0 0.596286 0.279863 0.0316266 0.0948398
0 0.204245 0.401413 0.0305498 0.120603
0 0.981342 0.428926 0.0351936 0.12304
0 0.343575 0.389978 0.0243612 0.107882
0 0.514001 0.481012 0.0445999 0.132179
0 0.361727 0.579731 0.0275427 0.135003
0 0.887687 0.359997 0.0260189 0.108856
0 0.195337 0.211849 0.0174189 0.0793566
0 0.598651 0.277805 0.0228556 0.0886549
0 0.988282 0.770564 0.0229301 0.149373
0 0.67116 0.535215 0.0296486 0.127247
0 0.888632 0.353837 0.0205988 0.0952857
0 0.905408 0.347121 0.0236488 0.0880569
