0 0.401281 0.440044 0.0251568 0.116776
0 0.729956 0.381481 0.0338718 0.103511
0 0.941825 0.425728 0.0401602 0.119063
0 0.323172 0.573795 0.0412354 0.14846
0 0.4721 0.494393 0.0288235 0.119878
0 0.562428 0.283075 0.0330382 0.0944121
0 0.15344 0.404598 0.0365037 0.115643
0 0.50341 0.461022 0.0308964 0.111108
0 0.308823 0.391595 0.030968 0.106765
0 0.134519 0.225031 0.0244207 0.0758881
0 0.665496 0.538402 0.0326618 0.134793
0 0.871712 0.368914 0.022744 0.113707
0 0.982781 0.761107 0.0338913 0.12803
0 0.859683 0.361091 0.0224989 0.109343
32 0.621256 0.433773 0.0118204 0.0244932
0 0.987611 0.757839 0.0241299 0.12128
0 0.565929 0.280147 0.023418 0.0892904
0 0.658029 0.540404 0.0424149 0.130725
