0 0.478867 0.596251 0.0433453 0.107612
0 0.89062 0.263841 0.0272175 0.071618
0 0.677045 0.395601 0.0250608 0.104416
0 0.575007 0.377672 0.0222912 0.0925869
0 0.724405 0.354794 0.0221086 0.0910573
0 0.121177 0.448785 0.0218004 0.118404
0 0.784747 0.596624 0.0310888 0.125763
0 0.402202 0.289488 0.018503 0.0855939
0 0.456107 0.293722 0.0188942 0.0970966
0 0.880114 0.486264 0.0262478 0.121087
0 0.301805 0.699529 0.0489985 0.141866
0 0.505595 0.58257 0.0327414 0.108319
0 0.572697 0.201903 0.015199 0.0697242
0 0.693488 0.185723 0.0149474 0.0601153
0 0.305171 0.611642 0.0299162 0.137361
0 0.316534 0.0916717 0.0179133 0.0629281
