0 0.255161 0.434055 0.0364799 0.117107
0 0.55837 0.277526 0.0255333 0.0967573
0 0.654229 0.185511 0.0223162 0.0689228
0 0.505492 0.268663 0.0187387 0.0826712
0 0.908209 0.563537 0.0307545 0.128827
0 0.708138 0.661625 0.0351198 0.1257
0 0.926214 0.231836 0.0203495 0.0841625
0 0.495421 0.636981 0.0549564 0.133925
0 0.839505 0.31549 0.0200556 0.0744681
0 0.410698 0.681052 0.0447217 0.0891991
0 0.731507 0.339451 0.0157608 0.0920309
0 0.719029 0.376827 0.0247566 0.101846
0 0.456914 0.640005 0.0464308 0.130414
0 0.137941 0.979017 0.0274929 0.0419669
0 0.0294378 0.964498 0.0282591 0.0706263
0 0.770282 0.162844 0.0160812 0.0641684
0 0.0648831 0.973056 0.0343908 0.0538884
0 0.838323 0.321813 0.0245752 0.0924292
0 0.472174 0.635451 0.0228109 0.113519
