0 0.906659 0.432425 0.0484243 0.113884
0 0.390411 0.484236 0.0403489 0.112699
0 0.715251 0.520981 0.0532 0.132817
0 0.237494 0.588048 0.0356958 0.138013
0 0.824763 0.377198 0.0354012 0.12081
0 0.317958 0.381454 0.036875 0.101739
0 0.767414 0.350573 0.0260464 0.11842
0 0.247918 0.39175 0.0346529 0.109209
0 0.498208 0.385268 0.0303925 0.0847651
0 0.532348 0.439645 0.0383685 0.122581
0 0.0829005 0.397652 0.0208849 0.108808
0 0.513999 0.2937 0.0234365 0.0959947
0 0.0188587 0.233593 0.0228778 0.0898293
0 0.824094 0.396998 0.0350042 0.0806771
0 0.240137 0.573302 0.0278767 0.108016
