0 0.96356 0.615419 0.0507298 0.143546
0 0.59694 0.360234 0.0408943 0.098656
0 0.782232 0.425801 0.0534456 0.111686
0 0.353965 0.291279 0.0380318 0.0916507
0 0.666985 0.49718 0.0336918 0.129021
0 0.0863018 0.582906 0.0573475 0.146332
0 0.434806 0.407549 0.0435104 0.113831
0 0.658178 0.363 0.035844 0.0978499
0 0.225345 0.452464 0.0429343 0.113006
0 0.126058 0.349452 0.0256366 0.105237
0 0.203692 0.417348 0.0387482 0.109869
0 0.0825769 0.393944 0.0285701 0.108893
32 0.714931 0.531125 0.0153046 0.0207543
0 0.0817799 0.377884 0.0248081 0.0778468
0 0.66328 0.360061 0.024143 0.0925062
0 0.0948364 0.583635 0.0375912 0.14524
0 0.228763 0.441724 0.0328226 0.0997067
