0 0.501578 0.632353 0.0438543 0.140408
0 0.556773 0.276818 0.0271784 0.101071
0 0.26332 0.430905 0.0252042 0.114648
0 0.918296 0.5634 0.0311058 0.130706
0 0.506283 0.269815 0.0239882 0.0831802
0 0.653118 0.184059 0.0201714 0.0677796
0 0.719403 0.660172 0.0246813 0.127102
0 0.419152 0.682979 0.0431964 0.0852051
0 0.922237 0.230709 0.0178892 0.0821004
0 0.843371 0.307817 0.0199898 0.066166
0 0.726622 0.660576 0.0388946 0.128183
0 0.73819 0.335622 0.0211419 0.095194
0 0.0626294 0.973163 0.0324381 0.0536744
0 0.46184 0.624526 0.0300735 0.102833
0 0.736603 0.334067 0.0163841 0.0841448
0 0.0271357 0.96417 0.0276268 0.0711012
0 0.841552 0.314255 0.0254272 0.0779094
0 0.13589 0.978849 0.0295897 0.042303
0 0.715832 0.383056 0.0238918 0.0908454
0 0.770367 0.161042 0.0151482 0.0624344
0 0.715608 0.398466 0.0232714 0.0592837
0 0.718402 0.362455 0.0245897 0.0791631
