0 0.416238 0.447719 0.0313781 0.11178
0 0.49065 0.484657 0.0499975 0.132688
0 0.174931 0.402793 0.0366283 0.123203
0 0.658806 0.532591 0.048884 0.130915
0 0.341428 0.567908 0.0391507 0.138172
0 0.174573 0.42059 0.035443 0.0875621
0 0.578791 0.283049 0.0231296 0.0947746
0 0.958265 0.424627 0.0404615 0.117604
0 0.767819 0.379265 0.024316 0.0993084
0 0.878892 0.359459 0.046875 0.111308
0 0.989821 0.766083 0.0196014 0.135245
0 0.157233 0.215492 0.0218105 0.0820952
0 0.318438 0.391291 0.0371674 0.102591
0 0.318471 0.423679 0.0368894 0.165887
