0 0.708186 0.584357 0.0360571 0.135673
0 0.181131 0.726423 0.0335156 0.139019
0 0.361335 0.415037 0.0233095 0.111468
0 0.103381 0.607424 0.037908 0.141376
0 0.165662 0.30337 0.0182072 0.0921718
0 0.892355 0.493102 0.0275932 0.0958579
0 0.566898 0.389294 0.0294718 0.0877384
0 0.767446 0.537952 0.0258559 0.130282
0 0.377502 0.219739 0.020563 0.0753463
0 0.815694 0.274289 0.0233839 0.0783914
0 0.220805 0.31787 0.0210805 0.105957
0 0.462935 0.56759 0.02495 0.0839152
0 0.45961 0.581957 0.0289392 0.11431
0 0.515347 0.530587 0.0386364 0.10373
32 0.552079 0.577502 0.0123116 0.0200882
0 0.515525 0.417611 0.0331593 0.0984302
0 0.533777 0.215196 0.0169302 0.067121
