0 0.330677 0.469184 0.0374917 0.123523
0 0.721557 0.508278 0.0567469 0.130174
0 0.760917 0.375786 0.0304159 0.107974
32 0.618598 0.470427 0.0137757 0.0179849
0 0.377291 0.397535 0.0272 0.107595
0 0.186406 0.587586 0.0313191 0.139938
0 0.25104 0.36069 0.0242839 0.097836
0 0.0204634 0.380263 0.0235382 0.0958927
0 0.458484 0.296196 0.0244621 0.0938275
0 0.868315 0.434323 0.0522512 0.11491
0 0.18827 0.393793 0.0281989 0.114529
0 0.689673 0.364198 0.0512028 0.101363
0 0.512507 0.415689 0.0340472 0.0991036
0 0.696427 0.363564 0.0359194 0.099751
0 0.517273 0.417426 0.0245028 0.10392
0 0.514943 0.407933 0.0270908 0.0862858
0 0.764017 0.369472 0.0237295 0.0934831
32 0.994465 0.329102 0.0101139 0.0356824
