0 0.0770393 0.422809 0.0367071 0.121193
0 0.686384 0.547597 0.0446447 0.135307
0 0.627796 0.48897 0.0366739 0.103302
0 0.48348 0.488981 0.0354364 0.113907
0 0.533758 0.501264 0.0475204 0.105264
0 0.40666 0.567239 0.0267422 0.102638
0 0.669767 0.276145 0.0230006 0.0874678
0 0.306215 0.409023 0.0360652 0.1029
0 0.0902004 0.206977 0.0165423 0.0805405
0 0.311397 0.406712 0.026828 0.104518
0 0.418917 0.383289 0.024411 0.102314
0 0.925419 0.390435 0.0308208 0.0966444
0 0.92133 0.366057 0.0309486 0.133887
0 0.313782 0.215746 0.0201093 0.0764422
0 0.543009 0.499848 0.0274445 0.101086
0 0.914288 0.339613 0.0251644 0.0924616
0 0.952029 0.325459 0.024263 0.0699086
32 0.582999 0.470105 0.0107769 0.0177341
0 0.915652 0.326859 0.0241035 0.0694688
