0 0.256491 0.430648 0.0338427 0.116018
0 0.924475 0.556411 0.0468449 0.135404
0 0.736121 0.672555 0.0372406 0.129131
0 0.488162 0.633334 0.0268717 0.131356
0 0.689602 0.371819 0.0281616 0.103675
0 0.53228 0.273453 0.0159327 0.0982085
0 0.891277 0.228849 0.030224 0.0705227
0 0.628282 0.17917 0.015099 0.0710825
0 0.482078 0.267948 0.0185432 0.0818966
0 0.721853 0.328667 0.0222748 0.103243
0 0.432601 0.654857 0.0787597 0.142341
0 0.823969 0.311051 0.0189396 0.0828116
0 0.746379 0.156233 0.0181879 0.0641829
0 0.82417 0.301331 0.0172913 0.0627531
0 0.923359 0.580928 0.0467604 0.0877485
0 0.0319618 0.973617 0.0334882 0.0527664
0 0.45303 0.634072 0.0434838 0.103659
