32 0.643624 0.490142 0.0132769 0.019485
0 0.172299 0.586149 0.0409687 0.146242
0 0.316755 0.464918 0.0451453 0.117373
0 0.443887 0.297797 0.0271908 0.0943531
0 0.744297 0.37604 0.0382771 0.111212
0 0.505851 0.424734 0.0287986 0.117702
0 0.719692 0.510776 0.0444511 0.132021
0 0.169921 0.391331 0.0389591 0.11372
0 0.228984 0.364287 0.0290582 0.105994
0 0.861101 0.43376 0.0518305 0.112371
0 0.0114896 0.383339 0.0229792 0.110819
0 0.351741 0.397604 0.0251107 0.104708
0 0.684868 0.357976 0.0293 0.083965
0 0.176586 0.388891 0.0237465 0.108138
0 0.721148 0.502733 0.0241446 0.0978729
0 0.676671 0.367046 0.0396353 0.0936083
0 0.854428 0.437942 0.0391602 0.102931
