0 0.785609 0.594717 0.0425032 0.133168
0 0.495583 0.598741 0.0392555 0.122521
0 0.74193 0.349074 0.0217993 0.0949036
0 0.13991 0.447941 0.0260404 0.119828
0 0.313366 0.693222 0.037516 0.146529
0 0.690585 0.393968 0.0259935 0.107407
0 0.474714 0.290956 0.0223152 0.0937423
0 0.594766 0.369212 0.0240085 0.0994444
0 0.904682 0.254404 0.0201916 0.0843047
0 0.421128 0.288094 0.0147129 0.087326
0 0.895233 0.479493 0.0344307 0.112192
0 0.589268 0.199914 0.0156921 0.071215
0 0.326574 0.58414 0.0249435 0.0795803
0 0.707428 0.185553 0.0164838 0.0614756
