0 0.535398 0.627543 0.0355322 0.117869
0 0.95888 0.459642 0.0294846 0.109283
0 0.651181 0.35381 0.0270058 0.100365
0 0.78609 0.335384 0.0215345 0.093878
0 0.811984 0.577148 0.0384558 0.124113
0 0.718233 0.379138 0.0225769 0.110319
0 0.496921 0.607133 0.0323448 0.114572
0 0.926318 0.244546 0.0284401 0.0813808
0 0.1874 0.438969 0.0187725 0.121204
0 0.518467 0.281616 0.0177076 0.0960649
0 0.465536 0.2764 0.0207892 0.085315
0 0.346819 0.682184 0.0420153 0.14068
0 0.627663 0.187809 0.0165922 0.0719545
0 0.742312 0.170925 0.0155974 0.0707939
0 0.380206 0.632103 0.0311402 0.143856
0 0.354183 0.676666 0.0283525 0.140924
0 0.0188539 0.967625 0.0266337 0.0631622
0 0.127292 0.98402 0.0253816 0.0319594
0 0.0542021 0.976578 0.0273656 0.0468441
0 0.381921 0.613228 0.026857 0.105109
0 0.811728 0.594111 0.0368499 0.0900921
