0 0.74047 0.661812 0.0498311 0.126213
0 0.502711 0.633406 0.03689 0.141837
0 0.264339 0.431381 0.0219065 0.112216
0 0.500908 0.26893 0.0261692 0.084713
0 0.552094 0.274105 0.0206028 0.0995574
0 0.458826 0.627206 0.0340702 0.107055
0 0.737225 0.33514 0.0263617 0.10154
0 0.925049 0.558626 0.0513653 0.124496
0 0.711038 0.388093 0.0284006 0.0757157
0 0.648238 0.179838 0.0164831 0.0694622
0 0.913721 0.230757 0.0206989 0.0777958
0 0.42512 0.680351 0.0509245 0.0885737
0 0.712334 0.374809 0.0292574 0.101722
0 0.839928 0.315188 0.022938 0.0888927
0 0.0191131 0.962826 0.0280687 0.0732686
0 0.76586 0.159512 0.0145197 0.06777
0 0.128741 0.978629 0.0309188 0.0427419
0 0.0563772 0.973182 0.0339254 0.0536362
0 0.712673 0.364698 0.0243257 0.0818676
