0 0.503431 0.427642 0.0343501 0.144124
0 0.119971 0.660642 0.0344622 0.176965
0 0.545182 0.473023 0.0321077 0.15536
0 0.154767 0.428055 0.0215022 0.143489
0 0.04734 0.375265 0.0639843 0.127105
0 0.111409 0.474699 0.0348365 0.146142
0 0.282407 0.558423 0.0523885 0.157073
0 0.278829 0.560649 0.0377988 0.15134
0 0.677813 0.47332 0.0631647 0.0616976
0 0.214606 0.460702 0.0291203 0.0742579
0 0.0577503 0.374882 0.040582 0.123719
0 0.112779 0.398218 0.0347913 0.0950681
0 0.115021 0.387998 0.0311 0.0698202
16 0.678211 0.472954 0.0604254 0.0587818
0 0.203348 0.484108 0.0668327 0.124515
