0 0.502784 0.602202 0.0416764 0.126757
0 0.15093 0.446888 0.0268269 0.118691
0 0.78478 0.594232 0.0499389 0.127906
0 0.321091 0.688677 0.0396857 0.145866
0 0.752781 0.3451 0.0206676 0.0912014
0 0.69916 0.390012 0.0232698 0.106522
0 0.611232 0.364083 0.0196345 0.0945933
0 0.907524 0.47669 0.0382614 0.11455
0 0.485313 0.288972 0.0243501 0.0959842
0 0.432882 0.28272 0.0170448 0.0883485
0 0.913582 0.249088 0.0199762 0.0856333
0 0.598985 0.19919 0.0168573 0.0727495
0 0.340194 0.596513 0.0253086 0.095883
0 0.340505 0.581147 0.0231125 0.0643253
0 0.716528 0.181807 0.0156959 0.0660702
0 0.341773 0.57247 0.0213228 0.0501026
0 0.0268768 0.981587 0.0257092 0.0368254
0 0.591943 0.115682 0.017902 0.0725973
