0 0.662815 0.563691 0.0313026 0.122356
0 0.135538 0.72197 0.0378784 0.15637
0 0.284378 0.417162 0.0304173 0.116572
0 0.0537078 0.600775 0.0443347 0.134128
0 0.453514 0.586368 0.0239837 0.131533
0 0.745288 0.548905 0.0226366 0.131266
0 0.818605 0.493152 0.0289131 0.0929274
0 0.456981 0.434309 0.0299843 0.0697328
0 0.0809187 0.302553 0.0157898 0.096196
0 0.305569 0.216605 0.0228204 0.0740285
0 0.456804 0.417776 0.031032 0.101922
0 0.518594 0.51213 0.0225695 0.104035
0 0.987002 0.335399 0.0248791 0.0820473
0 0.509883 0.513144 0.0396524 0.105197
0 0.529332 0.387275 0.0249012 0.0820033
0 0.780887 0.268658 0.019504 0.0686626
0 0.477167 0.210419 0.0181189 0.0627911
0 0.135398 0.318947 0.0242433 0.106242
32 0.994787 0.446018 0.00956993 0.026335
