0 0.791826 0.59222 0.0425463 0.123067
0 0.924809 0.47029 0.0339205 0.114855
0 0.511778 0.609601 0.0376141 0.125885
0 0.707089 0.386062 0.0222534 0.107724
0 0.763196 0.342328 0.021979 0.0888426
0 0.330893 0.687429 0.0472568 0.14416
0 0.16003 0.444132 0.0246698 0.118371
0 0.49551 0.285848 0.0246466 0.0956373
0 0.622223 0.362363 0.0216261 0.0941128
0 0.445873 0.277931 0.0200692 0.087844
0 0.919431 0.245276 0.0209648 0.084016
0 0.609195 0.194852 0.0155753 0.0715197
0 0.351113 0.628547 0.0241443 0.139128
0 0.495488 0.59675 0.0389145 0.108544
0 0.725185 0.179329 0.0153706 0.0706237
0 0.0366791 0.980704 0.0293403 0.0385912
