0 0.452716 0.414333 0.0304905 0.117544
0 0.105789 0.586017 0.0469893 0.13863
0 0.977597 0.622323 0.0412014 0.14964
0 0.798657 0.429154 0.0442246 0.115685
0 0.375097 0.292954 0.0308633 0.0934404
0 0.100698 0.395713 0.0306134 0.106201
0 0.674777 0.366983 0.0407256 0.105211
0 0.67873 0.498939 0.0324501 0.127311
0 0.243146 0.457325 0.0444347 0.111304
0 0.617015 0.359261 0.0297933 0.101814
0 0.149732 0.34906 0.0251922 0.101562
0 0.229385 0.413512 0.0423414 0.108425
32 0.7054 0.526788 0.0138491 0.0233052
0 0.234062 0.404633 0.0314646 0.0909625
0 0.67524 0.518944 0.0355089 0.0866926
0 0.237496 0.39693 0.02284 0.0761296
