0 0.15682 0.425212 0.0415549 0.11688
0 0.380936 0.26838 0.0307331 0.0934262
0 0.693961 0.30439 0.0249214 0.0859385
0 0.348048 0.63638 0.0298434 0.111211
0 0.66772 0.704004 0.0528608 0.117766
0 0.333631 0.258189 0.0261259 0.0824299
0 0.601905 0.319377 0.0240364 0.0989761
0 0.53633 0.361406 0.0190814 0.102293
32 0.38342 0.703109 0.0133457 0.0250787
0 0.474785 0.167757 0.0223585 0.060309
0 0.924595 0.416036 0.0224354 0.111102
0 0.435373 0.654465 0.0263468 0.114704
0 0.729906 0.206759 0.0161221 0.0662348
0 0.876415 0.5419 0.0579472 0.125068
0 0.7158 0.959143 0.0772459 0.0817144
0 0.330633 0.256281 0.0189346 0.0798279
0 0.58867 0.144313 0.0160148 0.0607872
0 0.414899 0.661248 0.0499889 0.117179
0 0.866227 0.541434 0.0355614 0.12509
0 0.437351 0.640509 0.0229303 0.0866721
