0 0.571148 0.468068 0.0308208 0.144607
0 0.24286 0.493975 0.0412873 0.137391
0 0.345413 0.369794 0.0414254 0.120525
0 0.809162 0.480826 0.0360186 0.147423
0 0.397761 0.403787 0.0278977 0.115281
0 0.538385 0.474149 0.0370426 0.103657
0 0.0442604 0.542774 0.0456591 0.150839
0 0.199462 0.621259 0.0345787 0.164987
0 0.0356892 0.455641 0.0338858 0.114245
0 0.441012 0.465775 0.0398602 0.108392
0 0.497326 0.430993 0.0397199 0.117229
0 0.81283 0.37701 0.0339245 0.125822
0 0.494662 0.426822 0.0280701 0.108901
0 0.497184 0.449738 0.0382063 0.0739721
0 0.812732 0.356318 0.0335804 0.0850455
0 0.491236 0.426541 0.0201324 0.1041
0 0.44804 0.468752 0.0345706 0.11263
