0 0.384516 0.577663 0.0493797 0.137423
0 0.514206 0.494015 0.0357506 0.111027
0 0.459394 0.482265 0.0308912 0.113639
0 0.58343 0.488778 0.0306289 0.114206
0 0.381761 0.388105 0.0369277 0.106841
0 0.671757 0.546588 0.0349011 0.134455
0 0.266768 0.404102 0.0283276 0.117206
0 0.0122565 0.42343 0.023095 0.121974
0 0.931783 0.339519 0.0340546 0.105592
0 0.025961 0.206102 0.0269286 0.0795731
0 0.89304 0.364376 0.0320745 0.135637
0 0.641472 0.274267 0.019236 0.0830701
0 0.264914 0.213149 0.0283497 0.0906626
0 0.983281 0.76854 0.03288 0.10839
0 0.635188 0.275239 0.0320472 0.0841123
0 0.26606 0.211209 0.0200278 0.0868632
