0 0.275888 0.415351 0.0256001 0.116731
0 0.654574 0.562036 0.0355525 0.125406
0 0.125164 0.723627 0.0407218 0.164896
0 0.0444055 0.603471 0.0455574 0.138133
0 0.775751 0.274939 0.0203867 0.0832066
0 0.449726 0.587615 0.028404 0.131597
0 0.449983 0.420876 0.0328873 0.0940104
0 0.810207 0.492971 0.0295436 0.0949573
0 0.515865 0.512311 0.0180853 0.104674
0 0.739763 0.548083 0.0253914 0.131273
0 0.980594 0.336965 0.030957 0.0856308
0 0.467274 0.216841 0.0210125 0.0707303
0 0.295386 0.218617 0.0275312 0.0765997
0 0.0693778 0.301895 0.0174288 0.0953692
0 0.525777 0.384276 0.0227665 0.0822483
0 0.526627 0.373516 0.0205873 0.0617567
32 0.994523 0.443663 0.0100832 0.0302658
0 0.449666 0.434231 0.0312811 0.0671389
0 0.508438 0.512576 0.0327345 0.105973
0 0.738496 0.577807 0.022717 0.0716054
0 0.451963 0.573528 0.0227794 0.108427
0 0.123437 0.322093 0.0235262 0.106413
