0 0.903784 0.431739 0.0468845 0.119794
0 0.232805 0.584864 0.0393242 0.139177
0 0.717628 0.518884 0.0596815 0.134296
0 0.820998 0.376011 0.029899 0.119029
0 0.387513 0.478716 0.045547 0.112485
0 0.763791 0.351551 0.0250731 0.118372
0 0.533474 0.438808 0.0303356 0.123712
0 0.244414 0.389225 0.0402423 0.108893
0 0.316157 0.377978 0.0296003 0.0967236
0 0.491091 0.386225 0.0332766 0.0873888
0 0.0794517 0.393986 0.0262465 0.110186
0 0.512046 0.296655 0.0218709 0.103202
0 0.0148062 0.234495 0.0192712 0.079182
