0 0.205203 0.501321 0.0315601 0.138779
0 0.442308 0.473456 0.0479395 0.126801
0 0.778965 0.473105 0.0346409 0.144915
0 0.376549 0.411299 0.041454 0.0987254
0 0.161466 0.619409 0.0459016 0.149146
0 0.794911 0.380817 0.0309326 0.117423
0 0.0136196 0.539087 0.0272392 0.144384
0 0.5467 0.474813 0.0458091 0.140838
0 0.50223 0.423225 0.0393404 0.110008
0 0.351352 0.363059 0.0331707 0.0933111
0 0.00811083 0.44264 0.0162217 0.0800248
0 0.347722 0.363541 0.024477 0.0729915
0 0.0100699 0.448864 0.0200622 0.101612
0 0.495888 0.41235 0.0245072 0.091227
