0 0.955679 0.425217 0.0363068 0.120906
0 0.487394 0.486637 0.0535612 0.13496
0 0.656742 0.531068 0.0522865 0.128126
0 0.16889 0.40446 0.0394346 0.117126
0 0.410775 0.441339 0.0318578 0.102886
0 0.574863 0.281929 0.0226089 0.0921502
0 0.336507 0.564721 0.0414176 0.13624
0 0.152783 0.218191 0.0175866 0.0823335
0 0.758163 0.381584 0.0243753 0.0994763
0 0.986145 0.770036 0.0272242 0.139424
0 0.877592 0.362008 0.0442162 0.11144
0 0.168624 0.42003 0.0378283 0.0842658
32 0.62233 0.442416 0.0115343 0.0203576
0 0.315525 0.391593 0.0265294 0.103602
0 0.321038 0.389748 0.017621 0.0965469
