0 0.303919 0.416557 0.0321394 0.116634
0 0.668176 0.566557 0.0397596 0.120346
0 0.746975 0.541663 0.0376908 0.137873
0 0.510423 0.519615 0.0404407 0.105396
0 0.141958 0.721447 0.0446084 0.154255
0 0.0628035 0.604013 0.0412767 0.133367
0 0.10327 0.303601 0.0167753 0.0946028
0 0.837455 0.491796 0.0285152 0.0925629
0 0.156943 0.318145 0.0242736 0.109809
0 0.47572 0.418953 0.023796 0.0970267
0 0.325122 0.217779 0.0186599 0.076268
0 0.789459 0.27694 0.0202393 0.0758447
0 0.491878 0.213483 0.0170023 0.0690625
0 0.462149 0.583929 0.0294138 0.120655
0 0.541437 0.387595 0.0188841 0.0804853
0 0.984225 0.336755 0.0309927 0.0816908
0 0.991143 0.337971 0.016897 0.0829703
0 0.460453 0.57228 0.0243647 0.09669
32 0.433923 0.602003 0.0150494 0.0156887
0 0.452432 0.586043 0.0530174 0.125794
