0 0.735529 0.592575 0.0321467 0.138112
0 0.162361 0.611368 0.0402755 0.133618
0 0.224899 0.719327 0.038877 0.147319
0 0.786836 0.526984 0.029831 0.120702
0 0.429227 0.408528 0.0221756 0.10648
0 0.30115 0.313461 0.0222185 0.100236
0 0.51799 0.543486 0.0431306 0.107745
0 0.96827 0.486468 0.0294662 0.101791
0 0.246956 0.302031 0.02277 0.0934842
0 0.461044 0.584763 0.0258398 0.10028
0 0.58537 0.21165 0.0148106 0.0599424
0 0.577118 0.410234 0.0192073 0.106596
0 0.841174 0.276357 0.0245041 0.0749736
0 0.445025 0.216178 0.0165194 0.0721135
0 0.606577 0.383191 0.0277558 0.0854455
