0 0.205004 0.438009 0.0318752 0.120933
0 0.826642 0.571871 0.0423058 0.122772
0 0.980783 0.453276 0.0352852 0.118366
0 0.674591 0.349951 0.0189524 0.0965664
0 0.803357 0.330993 0.0211515 0.0938669
0 0.360304 0.673364 0.0444098 0.142448
0 0.719574 0.378916 0.0262854 0.108907
0 0.47931 0.274339 0.0155533 0.0829748
0 0.561732 0.649649 0.0384012 0.118487
0 0.408194 0.627445 0.0275242 0.140491
0 0.53261 0.279185 0.019154 0.0937293
0 0.479798 0.622481 0.0341993 0.106902
0 0.930977 0.238707 0.0216761 0.0823533
0 0.63693 0.187049 0.0166046 0.0722699
0 0.751135 0.168448 0.0156959 0.0701479
0 0.0268144 0.967144 0.0265836 0.0655872
0 0.484147 0.617741 0.0282108 0.103104
0 0.0627043 0.975768 0.0310532 0.0484645
0 0.135368 0.98332 0.0255842 0.0333608
