0 0.729404 0.51115 0.0468147 0.138339
0 0.515278 0.423005 0.0474297 0.118802
0 0.704589 0.362941 0.0485353 0.103203
0 0.872884 0.431519 0.047821 0.114197
0 0.0306283 0.384747 0.0279585 0.113377
0 0.76796 0.375358 0.0393101 0.108928
0 0.346933 0.470768 0.0254135 0.121717
0 0.205735 0.583183 0.0240731 0.134645
0 0.26478 0.367769 0.0234461 0.109712
0 0.400726 0.394902 0.0274219 0.106254
0 0.203786 0.394977 0.0239368 0.10592
0 0.774521 0.374337 0.0261999 0.104998
32 0.589959 0.452143 0.0142278 0.0185338
0 0.473551 0.282553 0.0202746 0.0775747
0 0.467606 0.291053 0.0363794 0.0980027
