0 0.938902 0.466349 0.0341928 0.115746
0 0.712812 0.383761 0.0211637 0.105202
0 0.799151 0.586193 0.0412889 0.120934
0 0.504075 0.282566 0.0246959 0.097331
0 0.171007 0.439996 0.0216733 0.118973
0 0.772611 0.340108 0.0232727 0.0932945
0 0.494342 0.602352 0.0302965 0.108273
0 0.634715 0.359317 0.0233727 0.0896339
0 0.518821 0.619012 0.0418063 0.129664
0 0.455047 0.277153 0.0193976 0.0881038
0 0.336985 0.689064 0.0447774 0.135377
0 0.922931 0.245847 0.0289116 0.082649
0 0.617168 0.191703 0.0173143 0.0723086
0 0.732781 0.174057 0.0161749 0.0686681
0 0.36542 0.63129 0.0266991 0.135
0 0.365648 0.613219 0.0246609 0.104844
0 0.0115309 0.970257 0.0228778 0.0591054
0 0.118503 0.984441 0.0253119 0.0311174
0 0.342192 0.663575 0.0258559 0.0909098
0 0.0452776 0.976284 0.0304269 0.0474313
0 0.525904 0.610498 0.0257665 0.112609
