0 0.679282 0.701858 0.0466751 0.117864
0 0.400047 0.268282 0.0300993 0.0924574
0 0.170806 0.427149 0.040336 0.117968
0 0.440369 0.652689 0.028107 0.122546
0 0.361462 0.630673 0.0434228 0.110242
0 0.614502 0.320631 0.0240915 0.0971141
0 0.555214 0.362439 0.0242912 0.0989206
0 0.709748 0.302883 0.0303523 0.0854523
0 0.873817 0.54792 0.0288301 0.131136
0 0.493122 0.168426 0.0210384 0.0584689
0 0.351083 0.258387 0.0218306 0.0849838
0 0.163997 0.425806 0.0260755 0.111917
0 0.939685 0.418114 0.0322411 0.11755
0 0.41498 0.661076 0.0585825 0.112008
0 0.749818 0.208267 0.017841 0.0716176
0 0.739148 0.959339 0.077186 0.0813212
0 0.348221 0.256611 0.0156315 0.0838207
0 0.608597 0.146349 0.0155197 0.0589009
