0 0.385617 0.578565 0.0577879 0.138252
0 0.672455 0.545769 0.0322989 0.137723
0 0.262695 0.402743 0.0357143 0.119376
0 0.510654 0.494966 0.0429142 0.113121
0 0.458476 0.480332 0.0276383 0.110132
0 0.57943 0.489671 0.0295088 0.111935
0 0.37865 0.38623 0.0384451 0.104632
0 0.00954503 0.422706 0.0183463 0.121485
0 0.637108 0.276775 0.0221907 0.0853948
0 0.0185061 0.204413 0.025203 0.080303
0 0.929017 0.342132 0.0335922 0.106814
0 0.893714 0.37147 0.0336035 0.119535
0 0.260015 0.213611 0.0242698 0.0820366
0 0.929824 0.33842 0.0255501 0.0974788
0 0.894659 0.387766 0.0291992 0.0982602
0 0.983654 0.768658 0.0321262 0.107172
0 0.983447 0.730673 0.0325787 0.183259
0 0.900609 0.335622 0.0193163 0.0848861
