0 0.498645 0.423597 0.0328726 0.121589
0 0.164667 0.585138 0.0435671 0.141532
0 0.719066 0.509718 0.0390337 0.1327
0 0.30753 0.461265 0.0478995 0.10344
0 0.435655 0.295118 0.0326941 0.09559
0 0.736187 0.372105 0.0425997 0.113082
0 0.222237 0.366062 0.0255103 0.100695
0 0.851654 0.434878 0.0541016 0.109622
32 0.654455 0.494653 0.0119667 0.0164958
0 0.0101277 0.380954 0.0202252 0.118363
0 0.162834 0.388358 0.0410199 0.109644
0 0.339339 0.399456 0.0272247 0.107903
0 0.673789 0.365496 0.0323848 0.0969467
