0 0.741277 0.666365 0.0514566 0.129458
0 0.499193 0.635406 0.0356189 0.13948
0 0.264061 0.432351 0.0241467 0.108583
0 0.924139 0.555986 0.0560894 0.127804
0 0.705295 0.371885 0.0307353 0.106058
0 0.906643 0.230702 0.0242744 0.0748767
0 0.54691 0.275772 0.0178102 0.0975138
0 0.837687 0.314558 0.0191772 0.0878914
0 0.642614 0.179677 0.0154558 0.0753291
0 0.495478 0.269569 0.0267262 0.082822
0 0.457333 0.630674 0.0329111 0.102096
0 0.73372 0.331017 0.0242686 0.101369
0 0.0135696 0.964454 0.0265467 0.0693149
0 0.760459 0.159589 0.0154538 0.0603786
0 0.122706 0.9779 0.0313714 0.0441993
0 0.0495619 0.97303 0.0339881 0.0539398
0 0.420929 0.680925 0.0497462 0.0936559
