32 0.546835 0.600737 0.0109221 0.0209563
0 0.500915 0.394059 0.0224487 0.098101
0 0.508351 0.557798 0.0285947 0.105541
0 0.0506356 0.461982 0.0223942 0.120436
0 0.814494 0.512231 0.0504475 0.118904
0 0.268154 0.705763 0.0354877 0.145366
0 0.759779 0.597513 0.0439293 0.131191
0 0.225277 0.617397 0.036391 0.133656
0 0.382977 0.304547 0.0184646 0.0982521
0 0.327842 0.300853 0.0180468 0.0876639
0 0.632167 0.408221 0.0275423 0.101361
0 0.659091 0.368962 0.0240038 0.0877475
0 0.511447 0.211914 0.0189432 0.0726078
0 0.454629 0.583175 0.0555805 0.0965515
0 0.640891 0.200524 0.0170575 0.0667544
0 0.868589 0.272673 0.0188288 0.0688508
0 0.862513 0.274503 0.0317671 0.0727342
0 0.868861 0.263021 0.0178858 0.0512026
0 0.463941 0.579404 0.0361038 0.0856411
0 0.464566 0.565366 0.0336538 0.0653269
