0 0.0808852 0.603409 0.046961 0.13723
0 0.758139 0.541227 0.034201 0.129321
0 0.513668 0.525512 0.0277285 0.104084
0 0.160357 0.718148 0.0455117 0.162721
0 0.332742 0.41768 0.0298446 0.111695
32 0.55962 0.570208 0.0110519 0.0207308
0 0.188873 0.318249 0.0232086 0.108219
0 0.691353 0.579075 0.0276769 0.127716
0 0.864564 0.494195 0.0288492 0.096249
0 0.45174 0.581996 0.0465107 0.12042
0 0.135281 0.304128 0.0188004 0.0902341
0 0.549574 0.386955 0.0365778 0.0851727
0 0.49202 0.419253 0.0341982 0.0963494
0 0.805659 0.272824 0.0163591 0.0751751
0 0.352755 0.218428 0.0166389 0.0773861
0 0.49855 0.415144 0.0232385 0.0874808
0 0.510905 0.214548 0.0198402 0.069246
0 0.798287 0.274239 0.0334793 0.0833547
32 0.995357 0.357963 0.00843124 0.0303263
