0 0.344515 0.369157 0.0452828 0.117663
0 0.578371 0.466871 0.0285705 0.14553
0 0.0654738 0.545658 0.0453928 0.150386
0 0.214021 0.617605 0.0434255 0.162142
0 0.0463251 0.466992 0.0279229 0.134995
0 0.252529 0.490958 0.0402507 0.1322
0 0.817572 0.483794 0.0321472 0.146396
0 0.405794 0.404589 0.0294029 0.120179
0 0.54044 0.474036 0.0355247 0.106345
0 0.445636 0.46794 0.0501071 0.108729
0 0.487229 0.434177 0.0289 0.108403
0 0.820178 0.357232 0.0320293 0.0840347
0 0.492133 0.434665 0.0409971 0.109226
0 0.820854 0.375212 0.031633 0.119747
