0 0.381349 0.577052 0.0399633 0.132442
0 0.506377 0.487222 0.0500515 0.110199
0 0.452346 0.479116 0.0272491 0.117164
0 0.666248 0.540735 0.0498778 0.137125
0 0.247846 0.403831 0.0335676 0.116035
0 0.62745 0.274578 0.0239822 0.0863967
0 0.564076 0.488207 0.0395262 0.117122
0 0.37061 0.389136 0.0282551 0.105689
0 0.886151 0.378113 0.0422768 0.100272
0 0.925694 0.338425 0.0248592 0.106779
0 0.888723 0.362954 0.0414173 0.128429
0 0.246471 0.215793 0.01562 0.0822965
0 0.252763 0.399395 0.023109 0.116546
0 0.248059 0.420904 0.0327197 0.0813353
0 0.56231 0.476647 0.0269057 0.0904841
32 0.609976 0.472785 0.0102151 0.0165677
0 0.991793 0.770241 0.0158308 0.150165
0 0.896029 0.363259 0.0284718 0.120277
