0 0.240651 0.426181 0.0266515 0.114492
0 0.480577 0.633192 0.0259319 0.128332
0 0.914049 0.55658 0.029615 0.12995
0 0.738578 0.670469 0.0530167 0.121911
0 0.458034 0.264894 0.0155994 0.0814715
0 0.510292 0.269399 0.0225973 0.0941121
0 0.666325 0.366253 0.0178504 0.100027
0 0.86503 0.221951 0.0307144 0.078013
0 0.70467 0.325163 0.0237213 0.0910692
0 0.603688 0.176786 0.0188439 0.0671979
0 0.801865 0.308004 0.020578 0.080088
0 0.426113 0.64672 0.0512028 0.120918
0 0.728078 0.670446 0.031743 0.119694
0 0.0748029 0.97782 0.0329642 0.04436
0 0.72142 0.151709 0.0153854 0.0609569
0 0.432248 0.628786 0.0403037 0.0917111
