0 0.770907 0.596489 0.0379551 0.129941
0 0.26818 0.623252 0.0326588 0.134507
0 0.843888 0.496756 0.036142 0.124435
0 0.424562 0.301323 0.0199537 0.0974697
0 0.540782 0.384509 0.0246698 0.0975786
0 0.0916972 0.455598 0.0192626 0.12424
0 0.284156 0.702617 0.0482435 0.140329
0 0.457932 0.594634 0.0501265 0.101902
0 0.371064 0.296283 0.0158998 0.0873814
0 0.659339 0.399652 0.0192602 0.101241
0 0.694919 0.358934 0.0203295 0.0900853
0 0.504062 0.571784 0.0314866 0.092573
0 0.880056 0.26492 0.0266392 0.0611071
0 0.54544 0.209044 0.0182741 0.0706679
0 0.464791 0.591621 0.0373684 0.100047
0 0.670575 0.196067 0.0159232 0.067854
