0 0.385608 0.578816 0.0583345 0.138279
0 0.509041 0.491004 0.0470469 0.111214
0 0.575214 0.489337 0.0330705 0.113646
0 0.670062 0.544722 0.0384045 0.132904
0 0.259086 0.40371 0.0361182 0.117905
0 0.634427 0.276361 0.02493 0.0880769
0 0.457223 0.478631 0.0223461 0.108105
0 0.0135054 0.205482 0.0218073 0.0794325
0 0.376715 0.385589 0.0351572 0.104297
0 0.928052 0.341533 0.0280334 0.106642
0 0.256239 0.213013 0.0183634 0.0885649
0 0.381924 0.385448 0.0220757 0.102003
0 0.985086 0.771766 0.0292694 0.106138
0 0.890343 0.382936 0.0370968 0.0999151
0 0.894194 0.363588 0.0385517 0.118337
0 0.00547406 0.417828 0.010726 0.117294
0 0.374734 0.400669 0.0381214 0.0793571
0 0.901286 0.344219 0.0240868 0.101878
0 0.990467 0.770945 0.0182953 0.102201
