0 0.698856 0.693133 0.0550416 0.126574
0 0.45301 0.644927 0.0246289 0.121838
0 0.425333 0.266247 0.0217903 0.0933913
0 0.583921 0.364682 0.0322872 0.0980435
0 0.889628 0.548305 0.031382 0.136427
0 0.377128 0.258071 0.0171314 0.0854884
0 0.188252 0.424933 0.0317397 0.111852
0 0.730779 0.303601 0.0176144 0.0825455
0 0.41341 0.670155 0.0354601 0.103292
0 0.96363 0.414399 0.0411417 0.112966
0 0.373301 0.635997 0.0363456 0.117704
0 0.637917 0.324432 0.0193398 0.094347
0 0.520075 0.166969 0.0163082 0.0632694
0 0.778676 0.210818 0.0186567 0.0780345
0 0.637552 0.147953 0.0173487 0.0567717
0 0.88819 0.532586 0.0259274 0.104896
