0 0.678368 0.54744 0.0308611 0.138643
0 0.387005 0.578499 0.0357616 0.137582
0 0.0267451 0.420657 0.0357601 0.127142
0 0.461806 0.48742 0.0316255 0.113388
0 0.667537 0.546309 0.052211 0.139602
0 0.519284 0.497614 0.0305616 0.108999
0 0.641506 0.275397 0.034533 0.0838289
0 0.591903 0.487767 0.03731 0.110493
0 0.279997 0.407945 0.0250519 0.113156
0 0.0437022 0.206397 0.0278382 0.0812464
0 0.895364 0.364881 0.0428806 0.139462
0 0.389622 0.388574 0.0279395 0.104091
0 0.983724 0.774696 0.032023 0.133091
0 0.930652 0.332642 0.0282795 0.0903406
0 0.277871 0.213015 0.0196199 0.0829438
0 0.931143 0.31949 0.0255085 0.0636081
