0 0.741874 0.595683 0.033045 0.137882
0 0.509671 0.547806 0.036945 0.112346
0 0.173875 0.613171 0.0377554 0.128827
0 0.788201 0.519697 0.0384666 0.128215
0 0.262648 0.302122 0.0206903 0.0898708
0 0.442841 0.405399 0.0256443 0.101906
0 0.317701 0.312105 0.0229491 0.100434
0 0.232355 0.71669 0.0431106 0.14482
0 0.98514 0.482146 0.0286091 0.101211
0 0.5875 0.40907 0.0202993 0.103952
0 0.596935 0.210819 0.0155952 0.0679698
0 0.449073 0.583138 0.0487548 0.0966629
0 0.236476 0.708026 0.0323707 0.127316
0 0.459278 0.21528 0.0154657 0.0710802
0 0.457904 0.581264 0.0308931 0.0939451
0 0.845347 0.27716 0.0262886 0.0769637
32 0.536211 0.592488 0.012305 0.0231787
0 0.616065 0.380301 0.0242076 0.0872729
0 0.458722 0.569178 0.0294493 0.0693548
