0 0.876942 0.583764 0.0414528 0.136771
0 0.0289601 0.591098 0.048545 0.144448
0 0.389017 0.403353 0.0373571 0.117022
0 0.294715 0.290455 0.0345507 0.0918104
0 0.735498 0.420971 0.04301 0.111758
0 0.159026 0.450988 0.0425453 0.117177
0 0.628518 0.490589 0.0447987 0.133319
0 0.119937 0.419066 0.0526262 0.105926
0 0.603359 0.356858 0.0427203 0.10813
0 0.547291 0.357742 0.0275429 0.0932933
0 0.631808 0.490687 0.0298082 0.134814
32 0.725876 0.555718 0.01342 0.0215419
0 0.607164 0.356 0.0296953 0.105859
0 0.0164605 0.397084 0.0322961 0.0993357
0 0.0514579 0.339398 0.024327 0.0899582
0 0.126674 0.405541 0.0393699 0.0844109
0 0.550761 0.344222 0.0217987 0.0688488
