0 0.10605 0.452272 0.0384037 0.117067
0 0.350209 0.394594 0.0347056 0.118739
0 0.547697 0.351286 0.0374632 0.110022
0 0.784137 0.558283 0.0350506 0.126703
32 0.727636 0.578021 0.0120977 0.0195065
0 0.586114 0.4793 0.056883 0.142741
0 0.0436931 0.425965 0.0509096 0.119811
0 0.24258 0.293669 0.0261136 0.0959495
0 0.692119 0.418321 0.0279552 0.122306
0 0.504019 0.350078 0.0267946 0.109559
0 0.502467 0.335405 0.022183 0.0822233
0 0.0539654 0.423456 0.0349284 0.114017
0 0.696383 0.398321 0.0217484 0.0805537
0 0.492684 0.349104 0.0497955 0.11032
