0 0.881873 0.281489 0.0399036 0.100962
0 0.48687 0.457014 0.027639 0.132192
0 0.584855 0.521815 0.0380709 0.130991
0 0.392494 0.363139 0.0330985 0.106472
0 0.369307 0.334516 0.0266312 0.100037
0 0.295138 0.39989 0.0443752 0.116544
0 0.595384 0.444729 0.0268963 0.113872
0 0.113261 0.313165 0.0464654 0.103254
0 0.301728 0.398585 0.0311659 0.116828
0 0.122337 0.310956 0.0267011 0.0980097
0 0.39515 0.355362 0.022904 0.0967595
0 0.30016 0.385718 0.0269562 0.0873979
0 0.594322 0.429068 0.0245798 0.0819624
