0 0.911922 0.433889 0.0371733 0.113004
0 0.397728 0.488071 0.0320484 0.109048
0 0.829936 0.376024 0.0331249 0.125606
0 0.326274 0.384775 0.0310111 0.105605
0 0.716729 0.52435 0.0330558 0.140364
0 0.245824 0.586652 0.0287944 0.134117
0 0.774302 0.354437 0.0317508 0.118679
0 0.257229 0.392984 0.0261051 0.108094
0 0.237098 0.585971 0.0456058 0.132451
0 0.0265386 0.233651 0.0301457 0.0888574
0 0.0883026 0.392361 0.0214966 0.097898
0 0.516306 0.38473 0.0297049 0.087807
0 0.526442 0.437007 0.0517042 0.115983
0 0.829415 0.398023 0.0322529 0.082029
0 0.520475 0.285859 0.0209713 0.0822296
0 0.515645 0.290759 0.0336271 0.0935658
0 0.0851216 0.398272 0.0283686 0.109316
