0 0.730458 0.67648 0.0531482 0.132803
0 0.477892 0.634303 0.0313885 0.130884
0 0.228617 0.425114 0.0222032 0.110389
0 0.422364 0.644117 0.0503717 0.117769
0 0.493081 0.268527 0.0270461 0.0910105
0 0.693299 0.324314 0.0300928 0.0921144
0 0.650197 0.365765 0.0192108 0.0997537
0 0.442371 0.263096 0.0212444 0.0831583
0 0.792127 0.307224 0.0305077 0.0856203
0 0.90485 0.551446 0.029615 0.126249
0 0.586477 0.172681 0.0211987 0.0643504
0 0.68953 0.322434 0.020905 0.088465
0 0.705597 0.151853 0.0163554 0.0585732
0 0.847114 0.21702 0.0231878 0.0758176
0 0.0541295 0.978965 0.0338022 0.0420707
0 0.906573 0.538572 0.02295 0.0983289
