0 0.379072 0.40307 0.04359 0.119393
0 0.861252 0.57817 0.0398594 0.13476
32 0.726992 0.558039 0.0137538 0.0218197
0 0.14951 0.448724 0.0492414 0.116346
0 0.0228214 0.584939 0.0453676 0.138111
0 0.284908 0.28972 0.0373832 0.0921786
0 0.536787 0.358866 0.0311943 0.101797
0 0.591519 0.358018 0.0383946 0.110586
0 0.725126 0.420892 0.04597 0.119384
0 0.619132 0.489025 0.029558 0.13666
0 0.10716 0.42101 0.0524134 0.112149
0 0.114955 0.414245 0.0365827 0.0995984
0 0.732038 0.419882 0.0341412 0.121203
0 0.620238 0.472869 0.0259158 0.101908
