0 0.749213 0.593971 0.0485813 0.138045
0 0.505712 0.552176 0.0334129 0.110481
32 0.541771 0.596036 0.0106524 0.0180925
0 0.241935 0.714634 0.0505496 0.148739
0 0.797598 0.511136 0.0371269 0.110364
0 0.452768 0.586692 0.0382101 0.0984658
0 0.0142178 0.470496 0.0272589 0.121178
0 0.463996 0.399921 0.0237999 0.106398
0 0.191734 0.610359 0.0385228 0.13051
0 0.342551 0.309477 0.022635 0.10257
0 0.287122 0.30257 0.0197749 0.0881943
0 0.602435 0.41094 0.0279787 0.101299
0 0.479084 0.213438 0.0188127 0.073744
0 0.848488 0.274615 0.0335041 0.0731427
0 0.630217 0.37632 0.0220237 0.0797971
0 0.611942 0.204806 0.016629 0.0651671
0 0.631442 0.366699 0.0203594 0.0604909
0 0.604974 0.39968 0.0211867 0.0806817
