0 0.941364 0.608074 0.0543463 0.137246
0 0.65074 0.488991 0.047982 0.137064
0 0.205793 0.458784 0.0307318 0.108721
0 0.41892 0.402412 0.051256 0.111952
0 0.643639 0.3652 0.0256567 0.10694
0 0.426583 0.402285 0.0366869 0.111229
32 0.72157 0.54065 0.0123329 0.0191537
0 0.175045 0.41918 0.0430067 0.100093
0 0.576562 0.359312 0.0487217 0.101555
0 0.0790838 0.586072 0.0279686 0.139533
0 0.342659 0.291356 0.0221399 0.0943217
0 0.767247 0.42439 0.0482958 0.111047
0 0.777293 0.421042 0.029668 0.10094
0 0.181017 0.408979 0.0362913 0.0908946
0 0.0613827 0.392265 0.0253361 0.0970927
0 0.337412 0.291826 0.0327093 0.0953599
0 0.0577711 0.398996 0.0317336 0.109109
0 0.208152 0.446395 0.0279352 0.0944606
0 0.0994765 0.354015 0.0302785 0.0897034
