0 0.483168 0.417096 0.0415587 0.122904
0 0.705383 0.500266 0.0441252 0.129195
0 0.417726 0.291055 0.038794 0.0946422
0 0.654014 0.364295 0.0400067 0.0963562
0 0.148943 0.58078 0.0482156 0.140185
0 0.202508 0.356575 0.0264166 0.10978
0 0.719915 0.373272 0.0393469 0.113613
0 0.833995 0.429678 0.0550161 0.102615
0 0.727266 0.371432 0.0239452 0.112177
0 0.292674 0.466405 0.0389851 0.100003
0 0.148016 0.390144 0.0389671 0.109557
0 0.153372 0.385987 0.0279001 0.101603
0 0.308465 0.399907 0.0218243 0.0972549
0 0.151426 0.372211 0.0196582 0.0740562
32 0.671112 0.498367 0.0101728 0.0213142
0 0.15691 0.580474 0.0287548 0.137881
0 0.303744 0.404483 0.0328733 0.106286
0 0.423043 0.289522 0.0266359 0.0906304
