0 0.544438 0.642048 0.0441003 0.12472
0 0.524945 0.280549 0.0164825 0.0938806
0 0.968519 0.457193 0.0276382 0.111439
0 0.818279 0.574071 0.0381214 0.124024
0 0.194878 0.438295 0.0207273 0.12053
0 0.718627 0.379617 0.0261449 0.110115
0 0.495675 0.615293 0.0395633 0.113796
0 0.472023 0.275725 0.0205793 0.0855548
0 0.66102 0.352511 0.0206518 0.0962139
0 0.393035 0.623178 0.0309087 0.132038
0 0.92898 0.243992 0.0262169 0.0800395
0 0.351311 0.680549 0.0379693 0.135613
0 0.794667 0.333546 0.0186033 0.0912815
0 0.746764 0.170434 0.015111 0.0680855
0 0.633212 0.18709 0.0162441 0.0758025
0 0.0230173 0.966163 0.027668 0.0665259
0 0.131181 0.984051 0.0219934 0.0318972
0 0.361149 0.651493 0.0250946 0.105633
0 0.346438 0.720713 0.0273558 0.0615529
0 0.0584299 0.975106 0.0318894 0.0497888
