0 0.69708 0.581126 0.0315756 0.130508
0 0.34283 0.416566 0.0291974 0.116874
0 0.0881181 0.605395 0.044681 0.137436
0 0.166576 0.718126 0.0437709 0.161531
0 0.761172 0.540484 0.0225769 0.12999
32 0.557059 0.571077 0.0121826 0.0210787
0 0.512479 0.523445 0.0369913 0.10121
0 0.874796 0.492245 0.0270473 0.0915103
0 0.19946 0.318162 0.0216726 0.105633
0 0.51629 0.523295 0.0268119 0.0973368
0 0.145538 0.302889 0.0203171 0.0942379
0 0.499008 0.417328 0.0334715 0.0978238
0 0.454189 0.596685 0.0410499 0.0923452
0 0.803374 0.276206 0.0302496 0.0775506
0 0.361518 0.21607 0.0171147 0.0707032
0 0.554749 0.389933 0.0375809 0.0873182
0 0.520223 0.214659 0.0189159 0.0690835
0 0.503261 0.412954 0.0255404 0.0880414
0 0.46585 0.550205 0.0196721 0.0564878
0 0.466856 0.544494 0.0160704 0.0432092
