0 0.252983 0.435452 0.0327336 0.118327
0 0.701236 0.659819 0.0514956 0.125569
0 0.557639 0.277118 0.0244986 0.0975018
0 0.9273 0.232599 0.0210157 0.084467
0 0.897846 0.563313 0.0428207 0.130144
0 0.404076 0.679023 0.0451308 0.0980779
0 0.653649 0.185783 0.0214398 0.0671801
0 0.504632 0.268738 0.0169896 0.0843483
0 0.837 0.31889 0.0196686 0.0841382
0 0.490667 0.635523 0.0564146 0.133724
0 0.0297205 0.964525 0.0280355 0.0707514
0 0.718774 0.378083 0.0245636 0.0985243
0 0.729859 0.33961 0.0178711 0.0929124
0 0.0649592 0.97322 0.0342882 0.0535602
0 0.137644 0.979328 0.0256069 0.041344
0 0.76882 0.1619 0.0166941 0.0649502
0 0.4534 0.643232 0.0481396 0.126368
0 0.477397 0.638673 0.0858582 0.132254
