0 0.313026 0.418062 0.0304812 0.112341
0 0.146463 0.717047 0.0450077 0.158108
0 0.670858 0.571079 0.0455128 0.131558
0 0.068104 0.601095 0.0444457 0.131808
0 0.0750629 0.600959 0.0302025 0.130973
0 0.749987 0.569121 0.046026 0.0818339
0 0.167471 0.318796 0.023563 0.108075
0 0.113578 0.305017 0.0186555 0.0957996
0 0.750403 0.541761 0.0462042 0.136681
0 0.515912 0.516863 0.0254948 0.0945425
0 0.846301 0.493692 0.029644 0.093949
0 0.481763 0.420668 0.0251099 0.0991859
0 0.333546 0.217781 0.0172618 0.0751853
0 0.991509 0.337181 0.0161785 0.0765294
0 0.464223 0.583428 0.0370838 0.124317
0 0.7959 0.276872 0.0175901 0.069947
0 0.51281 0.518224 0.0346699 0.100474
0 0.497891 0.218056 0.0188433 0.0698523
0 0.154355 0.71667 0.027558 0.155782
0 0.994804 0.335252 0.0096302 0.0700762
32 0.561773 0.569299 0.0131462 0.0245367
0 0.484723 0.41476 0.022965 0.0860552
