0 0.628433 0.547813 0.0291489 0.12685
0 0.0859149 0.720594 0.0462301 0.15684
0 0.230505 0.418636 0.022563 0.116121
0 0.726897 0.549405 0.0355469 0.133262
0 0.0135165 0.598025 0.0264021 0.136185
0 0.750092 0.277978 0.0190355 0.0843173
0 0.959409 0.331774 0.0344891 0.0794801
0 0.761726 0.496971 0.0271841 0.0908181
0 0.509608 0.506172 0.0274814 0.0983747
0 0.501509 0.382325 0.0195164 0.0764812
0 0.448833 0.586413 0.036244 0.133498
0 0.0651564 0.320933 0.0270401 0.114942
32 0.551076 0.555758 0.0138248 0.0219701
0 0.246744 0.213057 0.0197177 0.0711581
0 0.429199 0.218547 0.0195024 0.0751855
0 0.979495 0.41654 0.0402899 0.083579
0 0.511318 0.502718 0.0199859 0.0959504
0 0.41669 0.420328 0.0255728 0.0961995
0 0.0147598 0.302796 0.0261313 0.0912188
0 0.0916627 0.718186 0.0302501 0.152568
0 0.986449 0.413707 0.0264051 0.0813121
0 0.0134806 0.300743 0.017955 0.0885816
0 0.761828 0.48322 0.0255022 0.0642405
