0 0.337314 0.638501 0.0415858 0.107392
0 0.872683 0.545154 0.0476128 0.137565
0 0.14074 0.427347 0.0367285 0.116014
0 0.36088 0.269361 0.0301494 0.0935557
0 0.91116 0.414135 0.030415 0.114366
0 0.313839 0.259305 0.0301129 0.0834787
0 0.655794 0.71977 0.0563911 0.133131
0 0.516817 0.359474 0.0176432 0.103053
0 0.675858 0.303678 0.0210343 0.0851825
0 0.455171 0.167532 0.0200544 0.067561
0 0.408296 0.660757 0.0405706 0.120767
0 0.585081 0.317223 0.0203146 0.089863
0 0.43509 0.657717 0.0316458 0.124878
0 0.426775 0.658253 0.0513751 0.127404
0 0.991952 0.250017 0.0151772 0.0817689
0 0.711317 0.208737 0.0175533 0.0720151
0 0.693825 0.960243 0.0825739 0.0795132
32 0.386838 0.710642 0.0130418 0.0211775
0 0.907862 0.410808 0.0209209 0.105987
