0 0.761776 0.556646 0.0451891 0.127348
0 0.336807 0.393318 0.0418303 0.119857
0 0.677779 0.417015 0.0395737 0.122286
0 0.0839185 0.447212 0.042615 0.121159
0 0.223881 0.287627 0.0341917 0.0947247
0 0.574878 0.478988 0.0298092 0.138235
0 0.533271 0.349865 0.0340202 0.109201
0 0.487331 0.348184 0.0212318 0.101442
32 0.726361 0.581933 0.0139273 0.020145
0 0.480171 0.35082 0.0358304 0.105263
0 0.531893 0.342626 0.0240815 0.0973192
0 0.0348506 0.417859 0.0290688 0.0982103
0 0.0282852 0.42244 0.039859 0.111174
