0 0.0381855 0.726989 0.0496544 0.170915
0 0.15893 0.422193 0.0310544 0.114168
0 0.589504 0.525111 0.0281292 0.119781
0 0.707879 0.546908 0.035726 0.143946
0 0.423606 0.584752 0.0499021 0.137104
0 0.504701 0.501694 0.0225306 0.100098
0 0.712448 0.277353 0.0247034 0.0865891
0 0.178671 0.211766 0.023721 0.0773164
0 0.377631 0.220216 0.0221093 0.07839
0 0.466042 0.386764 0.0241518 0.0998072
0 0.938058 0.334082 0.0236898 0.0769733
0 0.457584 0.386131 0.0409914 0.100055
0 0.959716 0.410605 0.0359722 0.0933208
32 0.993845 0.833189 0.0113476 0.0355981
0 0.365215 0.427513 0.0369747 0.0846421
0 0.964693 0.399242 0.0332787 0.106849
