0 0.699564 0.528822 0.0436344 0.130931
0 0.925329 0.429207 0.0299723 0.11411
0 0.806482 0.356592 0.0435196 0.110044
0 0.851032 0.379477 0.0286425 0.121352
0 0.420022 0.489264 0.0369484 0.119217
0 0.259771 0.585669 0.0313443 0.130117
0 0.106866 0.406133 0.0347145 0.116705
0 0.273325 0.393082 0.0332427 0.108121
0 0.353491 0.396574 0.0282983 0.107349
0 0.571913 0.385274 0.0344807 0.0968565
0 0.521504 0.448934 0.0483648 0.118884
0 0.0596767 0.231931 0.0317649 0.0850106
0 0.540092 0.290949 0.018288 0.0926616
0 0.529694 0.446907 0.0302042 0.115167
0 0.0639336 0.218518 0.020713 0.0604939
