0 0.675696 0.546728 0.050997 0.13673
0 0.0505855 0.424334 0.0363903 0.124832
0 0.607712 0.48857 0.0406107 0.10871
0 0.394507 0.58004 0.0290597 0.133245
0 0.474344 0.486971 0.0276098 0.115199
0 0.292746 0.406146 0.0285087 0.102177
0 0.657272 0.275104 0.0248072 0.0823496
0 0.0665854 0.207326 0.0205445 0.0844268
0 0.402216 0.387115 0.0226531 0.101843
0 0.533882 0.493014 0.0242157 0.0950743
0 0.908222 0.368031 0.035627 0.135589
0 0.940279 0.326944 0.0259268 0.0824836
0 0.404064 0.379403 0.0181713 0.086379
0 0.396412 0.568965 0.0247153 0.107755
0 0.527271 0.496782 0.038176 0.101171
0 0.909929 0.386763 0.0400265 0.108738
0 0.295219 0.215486 0.0159015 0.0786474
32 0.584755 0.463008 0.0120578 0.0214845
