0 0.37615 0.664842 0.0416738 0.140503
0 0.432837 0.636145 0.0530357 0.134427
0 0.851991 0.562498 0.0399408 0.133302
0 0.716545 0.37345 0.0260245 0.106881
0 0.816283 0.322988 0.0187798 0.0900857
0 0.214146 0.439658 0.0394377 0.114816
0 0.540064 0.275675 0.0258339 0.0977731
0 0.695181 0.338418 0.0185614 0.0920584
0 0.929678 0.233638 0.0213129 0.0852662
0 0.489403 0.269617 0.0192745 0.0843333
0 0.611863 0.639476 0.0321167 0.130618
0 0.641977 0.181633 0.0173685 0.0751111
0 0.468001 0.62403 0.0298632 0.116834
32 0.495591 0.673439 0.0133727 0.0197515
0 0.0631108 0.973463 0.0317698 0.053074
0 0.757492 0.166041 0.0163107 0.0677558
0 0.0278845 0.965599 0.0271905 0.0679477
0 0.137367 0.98108 0.0283937 0.0378391
0 0.995265 0.460315 0.00870171 0.106491
0 0.610086 0.666199 0.0264734 0.0791085
