0 0.92798 0.604186 0.0549328 0.132547
0 0.630644 0.364195 0.0320374 0.106846
0 0.161524 0.416471 0.046056 0.10175
0 0.568553 0.35781 0.0552828 0.0965368
0 0.645061 0.488595 0.0570705 0.141809
0 0.411755 0.402739 0.0466667 0.114733
0 0.327204 0.292867 0.0300097 0.094617
0 0.768862 0.426191 0.0254773 0.110695
32 0.724205 0.546041 0.013067 0.0229645
0 0.196531 0.45706 0.028575 0.112406
0 0.419288 0.399769 0.031456 0.108456
0 0.0693272 0.590643 0.0312166 0.141332
0 0.0906065 0.344838 0.0253044 0.104949
0 0.653584 0.49037 0.0402405 0.14227
0 0.634807 0.360584 0.0240878 0.10428
0 0.046894 0.400427 0.0323059 0.107193
0 0.761174 0.425539 0.0419245 0.109937
0 0.197846 0.442674 0.0252924 0.0936079
