0 0.494423 0.429784 0.0264587 0.144952
0 0.155396 0.41736 0.0214714 0.141963
0 0.257483 0.546237 0.0600899 0.151468
0 0.115851 0.653828 0.0291492 0.177121
0 0.556965 0.467588 0.0381749 0.150001
0 0.0380151 0.370918 0.0641644 0.12322
0 0.110114 0.473201 0.0353185 0.139439
0 0.107128 0.398292 0.0332743 0.107202
0 0.677344 0.46661 0.0693918 0.0607513
0 0.107557 0.415952 0.0349131 0.146838
0 0.39862 0.264061 0.0115047 0.0292771
0 0.200945 0.505594 0.0849786 0.0683231
0 0.029258 0.380031 0.0477878 0.107328
0 0.215418 0.452393 0.0293738 0.0766385
