0 0.431878 0.649847 0.0543566 0.127747
0 0.916889 0.555924 0.0334721 0.135924
0 0.482528 0.632522 0.0284347 0.132777
0 0.246371 0.427835 0.0378674 0.117546
0 0.466379 0.265372 0.0150658 0.0828741
0 0.674275 0.366902 0.0219278 0.103895
0 0.873343 0.226025 0.0335556 0.0741499
0 0.726872 0.671424 0.0247658 0.123907
0 0.517475 0.271066 0.0202728 0.0932333
0 0.709088 0.327176 0.0223103 0.0957972
0 0.731646 0.154315 0.0174768 0.062157
0 0.810211 0.309748 0.0229011 0.0831376
0 0.611274 0.175857 0.0168703 0.0679265
0 0.0856077 0.977889 0.0324152 0.0442223
0 0.0142117 0.97475 0.0282918 0.0501743
