0 0.476243 0.415102 0.0452179 0.114443
0 0.698978 0.49812 0.0474041 0.134539
0 0.645127 0.360873 0.0428293 0.0997211
0 0.149685 0.572485 0.0227305 0.116669
0 0.713603 0.376815 0.0336006 0.120707
0 0.138463 0.397059 0.0362899 0.107471
0 0.413048 0.291865 0.0316296 0.0976184
0 0.827509 0.435118 0.0509661 0.118631
0 0.836446 0.434061 0.0332235 0.116776
0 0.416977 0.292339 0.0224653 0.095137
0 0.192842 0.351582 0.0248999 0.103885
0 0.285038 0.467681 0.0386455 0.107214
0 0.142668 0.39119 0.0224925 0.098902
0 0.142856 0.372675 0.0202677 0.0636252
0 0.292986 0.406762 0.023513 0.101548
