0 0.726659 0.590809 0.0388925 0.137152
0 0.772297 0.530759 0.0422382 0.129035
0 0.199058 0.714651 0.0447625 0.149722
0 0.928454 0.487766 0.0277939 0.108702
0 0.134272 0.602114 0.0329778 0.127985
0 0.453518 0.579622 0.0507208 0.106688
0 0.205333 0.303237 0.021734 0.091433
0 0.393433 0.414687 0.02085 0.109727
0 0.546228 0.416528 0.0287206 0.102364
0 0.25958 0.318873 0.0199213 0.100208
0 0.515437 0.538072 0.0482068 0.100869
0 0.832382 0.274538 0.0205248 0.0848578
0 0.409356 0.220132 0.0187682 0.0698203
0 0.557495 0.214399 0.0204426 0.0662637
0 0.583231 0.385689 0.0388653 0.0848985
0 0.58941 0.383406 0.0254482 0.0800793
0 0.518782 0.537559 0.026875 0.0985779
0 0.459716 0.575097 0.0360228 0.0877007
