0 0.732991 0.510825 0.0366728 0.137569
0 0.876093 0.431296 0.0480125 0.121977
0 0.519343 0.423491 0.0416903 0.120199
0 0.773489 0.375142 0.0430435 0.109513
0 0.709511 0.358221 0.0450324 0.0981901
0 0.0355308 0.387021 0.0370873 0.123552
0 0.35268 0.469011 0.024649 0.119261
0 0.41271 0.393874 0.0297495 0.107582
0 0.270792 0.367219 0.0232495 0.110635
0 0.200773 0.580418 0.0512669 0.136939
0 0.47162 0.290544 0.0359394 0.0968909
0 0.205429 0.392392 0.035031 0.105197
32 0.57492 0.446305 0.014052 0.0164222
0 0.476698 0.291276 0.0250608 0.0942386
0 0.212604 0.392857 0.0215435 0.105008
0 0.209375 0.382214 0.0271338 0.0859292
