0 0.926906 0.426451 0.0303185 0.115649
0 0.425197 0.491805 0.0338285 0.11825
0 0.853209 0.380695 0.0250999 0.119412
0 0.699985 0.531675 0.0368078 0.134414
0 0.51937 0.446116 0.0450861 0.113945
0 0.810605 0.357118 0.0400604 0.111917
0 0.263451 0.583669 0.0368172 0.133904
0 0.115049 0.405075 0.0226502 0.118011
0 0.0652382 0.231608 0.0286074 0.0880388
0 0.35782 0.402538 0.0258224 0.102578
0 0.279813 0.389202 0.0249005 0.0967734
0 0.58065 0.384442 0.034774 0.101019
0 0.542526 0.289763 0.0212587 0.0931302
0 0.538381 0.289559 0.0308027 0.0946247
0 0.107464 0.413795 0.0382095 0.102458
0 0.52836 0.440432 0.0260554 0.102895
