0 0.496792 0.634076 0.0522711 0.139857
0 0.914389 0.562007 0.0265963 0.126702
0 0.557547 0.277769 0.0270683 0.0990713
0 0.258818 0.432464 0.0336262 0.118789
0 0.506388 0.268811 0.0216047 0.0821337
0 0.654149 0.1841 0.0216934 0.0700517
0 0.716333 0.661041 0.0285288 0.127647
0 0.415618 0.681686 0.0431226 0.0880298
0 0.924607 0.231333 0.0194218 0.0829846
0 0.841797 0.312346 0.0211008 0.0731334
0 0.840574 0.319405 0.0276781 0.0875315
0 0.45807 0.625856 0.0323122 0.0990521
0 0.717807 0.377101 0.0244047 0.100619
0 0.137468 0.978629 0.0283094 0.0427419
0 0.0640646 0.973406 0.0325416 0.0531876
0 0.0283898 0.964468 0.0276048 0.0704651
0 0.734132 0.330793 0.0147224 0.0744245
0 0.771005 0.160754 0.0150322 0.0595348
0 0.464136 0.625771 0.0287032 0.0989829
0 0.734501 0.338728 0.0180849 0.0893921
