0 0.23794 0.435237 0.021854 0.113732
0 0.662241 0.655339 0.050555 0.135443
0 0.715639 0.360752 0.0273874 0.134631
0 0.390607 0.671798 0.0328934 0.120112
0 0.927501 0.234639 0.0215387 0.0827413
0 0.872433 0.563827 0.0419182 0.117012
32 0.505083 0.680002 0.0112353 0.0243564
0 0.825987 0.321731 0.019146 0.0865931
0 0.497126 0.270111 0.0145366 0.0869035
0 0.549919 0.276129 0.0159563 0.0950505
0 0.648252 0.183602 0.0144701 0.0647497
0 0.451271 0.634642 0.0469702 0.133821
0 0.462546 0.634662 0.0683044 0.133538
0 0.761991 0.165532 0.0150085 0.0621775
0 0.028686 0.965042 0.0276103 0.0695194
0 0.0644423 0.973628 0.0327311 0.0527436
0 0.136811 0.979646 0.0247903 0.0407074
0 0.653897 0.655859 0.03111 0.133378
