0 0.409092 0.582101 0.0519472 0.134778
0 0.548114 0.506656 0.0417864 0.104156
0 0.694695 0.553391 0.0414488 0.132338
0 0.491724 0.493919 0.0295715 0.11639
0 0.0963761 0.423099 0.0267712 0.120865
0 0.322177 0.408812 0.0345552 0.109591
0 0.642854 0.491065 0.0308474 0.0947446
0 0.424784 0.384993 0.0346788 0.106453
0 0.931388 0.39036 0.0323498 0.10262
0 0.111393 0.2097 0.0173954 0.0785496
0 0.684191 0.274183 0.0194382 0.0846007
0 0.32725 0.215987 0.0276977 0.0787461
0 0.682625 0.275498 0.0265017 0.0889289
0 0.42907 0.383827 0.0246641 0.102886
0 0.921597 0.336638 0.0216543 0.0784847
