0 0.646765 0.562292 0.0382335 0.123835
0 0.446405 0.585665 0.0361177 0.133999
0 0.0363967 0.600037 0.0488211 0.139434
0 0.115616 0.722882 0.042438 0.167022
0 0.800226 0.493448 0.0278999 0.0965607
0 0.267596 0.415142 0.0227067 0.115543
0 0.513001 0.510862 0.021194 0.106181
0 0.976065 0.333859 0.028339 0.0851559
0 0.460368 0.218004 0.0214437 0.0760785
0 0.735515 0.551061 0.0352892 0.129748
0 0.442398 0.431687 0.0347551 0.0745366
0 0.771673 0.276366 0.0209558 0.0850008
0 0.0582676 0.30418 0.0178495 0.0962046
0 0.443018 0.416729 0.0358842 0.104511
0 0.516226 0.387551 0.0301935 0.0910244
32 0.560807 0.561459 0.0120106 0.0221766
0 0.286436 0.218103 0.0275629 0.0744843
0 0.119197 0.706487 0.032296 0.133418
0 0.979671 0.335401 0.0393536 0.0876047
0 0.112258 0.320944 0.0251125 0.109725
0 0.994784 0.432485 0.00968876 0.0625024
