0 0.439442 0.494726 0.0381139 0.117868
0 0.286315 0.587527 0.0384287 0.141777
0 0.685151 0.532162 0.0484251 0.128662
0 0.289349 0.391169 0.0333173 0.109896
0 0.864047 0.378891 0.038843 0.118917
0 0.631062 0.381558 0.0368399 0.108614
0 0.375613 0.411538 0.0281307 0.104656
0 0.131219 0.410743 0.0232523 0.115197
0 0.935956 0.424808 0.0382347 0.107439
0 0.830231 0.355456 0.024826 0.115839
0 0.548114 0.295298 0.0301901 0.0923054
0 0.55255 0.294617 0.0203016 0.0925845
0 0.513327 0.464022 0.0470705 0.118129
0 0.520135 0.462816 0.0335751 0.119018
0 0.0920769 0.228742 0.03224 0.0786461
