0 0.759777 0.596758 0.0458684 0.128948
0 0.262736 0.707553 0.0384254 0.147066
0 0.0425203 0.464754 0.0277951 0.126228
32 0.546496 0.6002 0.011273 0.0213949
0 0.375307 0.307135 0.0204234 0.103147
0 0.810417 0.514424 0.0461153 0.116203
0 0.508959 0.559052 0.0285007 0.112098
0 0.493362 0.393621 0.0218981 0.10142
0 0.625849 0.410542 0.0297356 0.103179
0 0.319102 0.300935 0.0197443 0.0891986
0 0.219219 0.613443 0.0351419 0.133561
0 0.462498 0.581309 0.0363796 0.0914524
0 0.505292 0.212485 0.0206011 0.0723404
0 0.634237 0.203626 0.0187334 0.068557
0 0.65331 0.370424 0.023443 0.0794561
0 0.456506 0.581407 0.0467391 0.0991928
0 0.624927 0.42384 0.0275057 0.0752997
0 0.861602 0.27414 0.0239574 0.0629133
0 0.464104 0.564716 0.0321935 0.0645653
