0 0.927366 0.234216 0.0214216 0.0835066
0 0.875012 0.563824 0.0486847 0.122291
0 0.669637 0.652024 0.0618172 0.13144
32 0.506821 0.6806 0.0123972 0.0228614
0 0.499004 0.269034 0.0144506 0.0880822
0 0.718345 0.366382 0.0265737 0.123188
0 0.829009 0.319599 0.01852 0.0868106
0 0.394302 0.669921 0.0370585 0.114938
0 0.551632 0.274875 0.0163535 0.0952401
0 0.660336 0.654643 0.041318 0.132273
0 0.241751 0.43486 0.0235473 0.11639
0 0.64947 0.184249 0.0164459 0.0627757
0 0.457302 0.636511 0.0520784 0.132468
0 0.0293545 0.964759 0.0279464 0.0700724
0 0.763123 0.164238 0.0147644 0.0600964
0 0.0645241 0.973094 0.0343885 0.053813
0 0.137064 0.979565 0.0249853 0.0408702
0 0.397084 0.668849 0.0282274 0.0980269
