0 0.780527 0.52779 0.0393621 0.122281
0 0.953137 0.485615 0.0268703 0.106169
0 0.513279 0.544653 0.037944 0.103628
0 0.731388 0.591785 0.0302611 0.139354
0 0.415142 0.411591 0.0205299 0.108675
0 0.456752 0.588019 0.0369064 0.0990852
0 0.150476 0.603211 0.0409349 0.138238
0 0.214585 0.716215 0.0435871 0.157189
0 0.230434 0.303663 0.0221709 0.0904115
0 0.284885 0.316165 0.0209395 0.101025
0 0.564957 0.410672 0.020011 0.109477
0 0.431075 0.218334 0.0156548 0.0742215
0 0.833986 0.272884 0.0289936 0.0782852
0 0.574546 0.210966 0.0179306 0.058576
0 0.59715 0.382885 0.0297886 0.0783861
0 0.599413 0.373078 0.0246418 0.0573654
