0 0.412003 0.645494 0.0905014 0.147831
0 0.210444 0.423755 0.0400536 0.112895
0 0.405682 0.259753 0.0274113 0.0850555
0 0.455599 0.267658 0.0230167 0.0928079
0 0.902532 0.541252 0.0506971 0.126698
0 0.465499 0.635138 0.0416874 0.128409
0 0.710133 0.677459 0.0429111 0.119618
0 0.615749 0.363264 0.0296946 0.0961469
0 0.757218 0.305234 0.0210138 0.0864199
0 0.549168 0.168407 0.0185635 0.0677378
0 0.662525 0.3248 0.0238947 0.0953107
0 0.981253 0.417155 0.0210524 0.106578
0 0.702859 0.675962 0.0297628 0.115826
0 0.660225 0.322619 0.0169807 0.0934409
0 0.666903 0.149056 0.0213064 0.0571265
0 0.984743 0.41797 0.02945 0.113509
0 0.807162 0.216621 0.0175888 0.0800594
