0 0.53343 0.429458 0.0386784 0.125584
0 0.787217 0.3773 0.0362347 0.113722
0 0.0452791 0.38336 0.0408049 0.118868
0 0.209219 0.580856 0.0467347 0.14018
0 0.737532 0.51225 0.0277177 0.136186
0 0.363229 0.458664 0.0266204 0.105348
0 0.720623 0.356723 0.0408922 0.0984182
0 0.285782 0.368913 0.0231936 0.106832
0 0.888364 0.43057 0.0328741 0.118907
0 0.483506 0.29125 0.0286323 0.0900437
0 0.217833 0.388289 0.0419411 0.111865
0 0.432351 0.388026 0.029298 0.0951218
0 0.361213 0.465903 0.0362333 0.121218
0 0.223072 0.384347 0.0299566 0.102957
0 0.224104 0.375119 0.0230311 0.0832364
