0 0.663935 0.533255 0.0480701 0.13296
0 0.43813 0.455764 0.0324432 0.109389
0 0.209714 0.400569 0.0324421 0.122081
0 0.34883 0.389825 0.0236811 0.10736
0 0.602166 0.276869 0.0249245 0.0921076
0 0.838783 0.385417 0.038187 0.088264
0 0.985209 0.431192 0.0282101 0.122907
0 0.364126 0.578592 0.0262083 0.130778
0 0.201872 0.215406 0.0198021 0.0855669
0 0.516347 0.477856 0.0406141 0.125352
0 0.907233 0.356045 0.0287481 0.103609
0 0.990944 0.771368 0.0175442 0.150274
0 0.892504 0.357132 0.0337029 0.108715
0 0.993269 0.77097 0.0126347 0.144298
0 0.890954 0.345878 0.020911 0.0874107
0 0.320879 0.116776 0.0166546 0.0749136
0 0.524734 0.486829 0.0304798 0.120213
