0 0.32275 0.467339 0.0392539 0.121456
0 0.17914 0.393193 0.0324756 0.113309
0 0.181657 0.588199 0.0342901 0.141288
0 0.50692 0.426066 0.0361341 0.119799
0 0.868037 0.435456 0.0485199 0.114782
0 0.718109 0.510412 0.0510468 0.133469
0 0.451862 0.297417 0.0220896 0.0942966
0 0.365294 0.397981 0.027704 0.109139
0 0.729266 0.509036 0.0281525 0.131918
32 0.631352 0.480856 0.0145037 0.0221725
0 0.240776 0.362888 0.0247705 0.101671
0 0.750591 0.375244 0.0360883 0.110892
0 0.0150542 0.381747 0.0251857 0.105878
0 0.756489 0.371567 0.0271263 0.102096
0 0.683072 0.365738 0.0477862 0.0979498
0 0.691601 0.364381 0.0308693 0.0970994
32 0.308491 0.51206 0.0107086 0.0312638
0 0.185158 0.566754 0.0278893 0.100885
