0 0.863118 0.56322 0.0308006 0.128557
0 0.224764 0.438294 0.029859 0.119211
0 0.631211 0.646425 0.0293486 0.137002
0 0.378524 0.66465 0.042104 0.13413
0 0.819116 0.324172 0.0189232 0.0917255
0 0.443275 0.635547 0.0575647 0.129294
0 0.543994 0.275862 0.0186369 0.0971822
0 0.927836 0.234195 0.0222332 0.0846693
0 0.491954 0.26971 0.0201151 0.085761
0 0.644139 0.174409 0.0177615 0.0885784
0 0.0635654 0.973808 0.0310526 0.0523844
0 0.137406 0.980227 0.0287807 0.0395468
0 0.0280585 0.964522 0.0273086 0.0703389
0 0.711225 0.363441 0.0355724 0.127824
0 0.759098 0.166291 0.0141539 0.0648987
0 0.466726 0.603251 0.0194182 0.0840702
32 0.498569 0.675986 0.0131145 0.0224326
0 0.714822 0.373052 0.0263002 0.105761
0 0.644479 0.164204 0.0218817 0.105117
0 0.467129 0.587768 0.0183115 0.0551837
0 0.701663 0.32943 0.0174498 0.0668954
