0 0.843034 0.561546 0.0443064 0.126187
0 0.427669 0.633126 0.0436895 0.134992
0 0.208985 0.442118 0.0361086 0.113458
0 0.718116 0.3752 0.0242313 0.105445
0 0.538856 0.27902 0.0268415 0.0945465
0 0.372428 0.668081 0.0383924 0.147981
0 0.689296 0.343408 0.0229906 0.0952172
0 0.812455 0.32577 0.0190557 0.0926014
0 0.930917 0.233825 0.0206825 0.0858448
0 0.471687 0.621585 0.0293898 0.10968
0 0.486916 0.270278 0.0176081 0.0844136
0 0.59169 0.642793 0.0370993 0.127156
0 0.641033 0.184787 0.0168434 0.0703041
32 0.491011 0.671996 0.014008 0.0188014
0 0.991682 0.453983 0.0160236 0.11113
0 0.755823 0.165169 0.0151699 0.0671484
0 0.0634671 0.974031 0.0316046 0.0519388
0 0.0279578 0.966036 0.0271487 0.0667443
0 0.595448 0.633599 0.029987 0.0994178
0 0.136856 0.982355 0.0272794 0.0352902
