0 0.831902 0.50434 0.0354158 0.113815
32 0.541796 0.607306 0.0120293 0.0211689
0 0.457523 0.589177 0.048923 0.0996292
0 0.41178 0.302595 0.0211735 0.0966844
0 0.254777 0.621883 0.0352735 0.138925
0 0.079552 0.458006 0.0191834 0.122133
0 0.527657 0.390052 0.02444 0.0933321
0 0.506147 0.571341 0.0313448 0.10187
0 0.769995 0.596668 0.0375067 0.126404
0 0.282315 0.699415 0.043288 0.141781
0 0.358103 0.297474 0.0166533 0.0877402
0 0.534116 0.210665 0.0189217 0.0730865
0 0.651801 0.402653 0.0202537 0.102413
0 0.683174 0.361914 0.0217163 0.0864372
0 0.659479 0.196571 0.0157431 0.0606536
0 0.651581 0.418033 0.0185365 0.0731645
0 0.651457 0.387047 0.0187628 0.0727475
