0 0.226163 0.497537 0.0295318 0.143064
0 0.349574 0.37106 0.0320539 0.112631
0 0.0309547 0.541143 0.0355404 0.14484
0 0.797441 0.480273 0.0362014 0.145293
0 0.446327 0.465296 0.0440346 0.11199
0 0.389165 0.404204 0.031423 0.111768
0 0.56294 0.468203 0.0312902 0.141861
0 0.184477 0.622421 0.0309333 0.155393
0 0.8039 0.382696 0.034202 0.126116
0 0.0208754 0.455746 0.0307944 0.116541
0 0.493686 0.4206 0.0210037 0.108287
0 0.536946 0.476184 0.0389785 0.0963409
0 0.498257 0.427078 0.0255237 0.122002
0 0.803822 0.359853 0.0328949 0.0777804
0 0.56446 0.45022 0.0292761 0.107458
