0 0.924452 0.428552 0.0409304 0.112869
0 0.360637 0.406981 0.0294321 0.109872
0 0.265199 0.581995 0.043972 0.130907
0 0.111453 0.403312 0.0442039 0.118127
0 0.117392 0.403577 0.0308428 0.116057
0 0.519633 0.452502 0.0429356 0.121364
0 0.428298 0.492881 0.0309628 0.119509
0 0.702872 0.532356 0.0279676 0.130274
0 0.281272 0.393927 0.0286165 0.100799
0 0.81383 0.35746 0.0363464 0.113048
0 0.856776 0.379398 0.0244057 0.117379
0 0.587848 0.38392 0.0348411 0.104033
0 0.537497 0.290508 0.0343981 0.094956
0 0.0728601 0.232332 0.0222814 0.0816928
0 0.695446 0.532736 0.0386566 0.131331
0 0.809588 0.348499 0.0259052 0.0938031
