0 0.755287 0.595322 0.0461534 0.133544
32 0.543197 0.596424 0.0123861 0.0194271
0 0.24655 0.710543 0.0509143 0.146979
0 0.801748 0.513646 0.0358053 0.104062
0 0.505245 0.555826 0.0343714 0.114767
0 0.350957 0.307767 0.0205495 0.104234
0 0.021209 0.468498 0.0343937 0.121494
0 0.198294 0.609694 0.0408311 0.12968
0 0.472446 0.397703 0.0231798 0.103725
0 0.29524 0.301619 0.0194683 0.0905721
0 0.607345 0.41013 0.0307016 0.102978
0 0.85197 0.273854 0.0276134 0.0671216
0 0.454212 0.585534 0.0374467 0.095246
0 0.485573 0.214165 0.0183113 0.0746907
0 0.458926 0.581411 0.0283676 0.0904572
0 0.619065 0.203113 0.0170546 0.0604227
0 0.634914 0.377918 0.0236346 0.0828209
0 0.891873 0.143511 0.0195992 0.0721686
0 0.610924 0.402391 0.0209543 0.087997
