0 0.521615 0.462893 0.0413294 0.133051
0 0.293015 0.380179 0.0497356 0.1132
0 0.961276 0.257203 0.0369148 0.099208
0 0.647405 0.533316 0.0410439 0.128921
0 0.425433 0.350649 0.0398418 0.113152
0 0.629172 0.416189 0.0321545 0.120373
0 0.446953 0.341819 0.0338757 0.113516
0 0.0176398 0.432141 0.0295267 0.10619
0 0.154546 0.291675 0.0390719 0.0958702
0 0.158302 0.287071 0.028899 0.0858534
0 0.301503 0.378476 0.0320102 0.112055
32 0.66788 0.573521 0.0144354 0.0205619
0 0.451396 0.332733 0.0203409 0.0978962
0 0.163638 0.288949 0.0178412 0.0903501
0 0.427401 0.343071 0.0301685 0.106336
