32 0.546652 0.601193 0.0108841 0.0208299
0 0.818198 0.509329 0.0499374 0.122318
0 0.390239 0.305874 0.0209166 0.101294
0 0.273839 0.704128 0.0338877 0.142371
0 0.0579472 0.46083 0.0221315 0.12177
0 0.75934 0.596135 0.0446749 0.129973
0 0.507075 0.392473 0.0225092 0.0977872
0 0.232446 0.61669 0.0368146 0.13185
0 0.507464 0.558758 0.029208 0.0984103
0 0.33578 0.299879 0.0178012 0.0865604
0 0.458191 0.589458 0.0535236 0.101822
0 0.637697 0.406959 0.026939 0.100275
0 0.51767 0.212604 0.0193601 0.0726269
0 0.868252 0.269711 0.0230011 0.0679072
0 0.664353 0.36773 0.0254051 0.0915441
0 0.6462 0.198155 0.0159933 0.0651271
0 0.865569 0.275084 0.0292194 0.0734211
