0 0.772294 0.596923 0.038817 0.129399
0 0.274512 0.624252 0.0309555 0.135806
0 0.851174 0.493289 0.0320124 0.122777
0 0.460894 0.597264 0.0472775 0.100247
0 0.097634 0.454327 0.0189571 0.123794
0 0.377591 0.295098 0.017302 0.085858
0 0.287125 0.701541 0.0479503 0.140194
0 0.547842 0.380802 0.0230221 0.0945633
0 0.700895 0.356541 0.0218321 0.0935441
0 0.430763 0.298704 0.0183788 0.0985913
0 0.50288 0.575006 0.0327081 0.0994124
0 0.66365 0.398175 0.0210981 0.102377
0 0.550835 0.207078 0.0184275 0.0713535
0 0.881066 0.263404 0.0273209 0.0592622
0 0.674873 0.195644 0.0152637 0.066937
32 0.532011 0.609575 0.0128189 0.0223505
0 0.877093 0.26673 0.0359772 0.0646554
