0 0.68991 0.498238 0.0554258 0.136424
0 0.815856 0.433209 0.0401185 0.112717
0 0.128412 0.586887 0.0315464 0.134085
0 0.695744 0.371008 0.0334703 0.109607
0 0.395336 0.295178 0.0241146 0.0898754
0 0.471673 0.409614 0.024482 0.107468
0 0.170974 0.346498 0.027191 0.0981128
0 0.262085 0.459553 0.0408515 0.121168
0 0.467248 0.411504 0.032284 0.112267
0 0.118862 0.398131 0.029645 0.108743
0 0.631003 0.35576 0.0370024 0.0909166
0 0.634519 0.348914 0.0293299 0.078083
0 0.989059 0.608075 0.0213119 0.0910129
0 0.130867 0.566917 0.025515 0.0950226
0 0.121312 0.383868 0.0243253 0.0762843
0 0.699928 0.3664 0.0265827 0.103945
