0 0.581319 0.643072 0.0420985 0.126633
0 0.71858 0.375539 0.0239401 0.107422
0 0.837252 0.563113 0.0451374 0.126898
0 0.422676 0.634598 0.035704 0.136576
0 0.20836 0.441315 0.0351724 0.114585
0 0.371188 0.670406 0.0385988 0.145011
0 0.538257 0.279575 0.0266771 0.0951987
0 0.931584 0.233869 0.0197218 0.0857861
0 0.809876 0.326319 0.0200489 0.0941399
0 0.485169 0.271657 0.0155325 0.0843467
0 0.685695 0.345288 0.0232765 0.0954929
0 0.475307 0.624973 0.0326702 0.109271
0 0.640376 0.185336 0.0156019 0.071655
0 0.754894 0.167277 0.016374 0.0692283
0 0.990371 0.452168 0.0186592 0.113872
0 0.0278962 0.966039 0.0270111 0.0671714
0 0.0634155 0.974558 0.031385 0.0508839
0 0.136966 0.982507 0.0273833 0.0349864
