0 0.772794 0.484621 0.0462316 0.147376
0 0.544231 0.447803 0.04168 0.139975
0 0.222454 0.621184 0.0427905 0.166929
0 0.0215038 0.452793 0.0290848 0.136332
0 0.235471 0.354817 0.0272003 0.129201
0 0.118979 0.535649 0.0524005 0.142505
0 0.448512 0.435877 0.0262467 0.149468
0 0.25765 0.474284 0.0356542 0.129763
0 0.33734 0.414599 0.0376285 0.156352
0 0.81468 0.421418 0.069431 0.0858498
0 0.389138 0.476017 0.0614022 0.0536852
0 0.344293 0.376884 0.0227077 0.0831013
0 0.343616 0.402887 0.0249341 0.135834
