0 0.106274 0.645462 0.0382433 0.17685
0 0.593105 0.471991 0.0355866 0.145262
0 0.46548 0.429407 0.0484303 0.147408
0 0.164348 0.406887 0.021703 0.142216
0 0.175504 0.551389 0.0370334 0.163383
0 0.0226182 0.360896 0.0452364 0.118734
0 0.118423 0.460099 0.0322593 0.158548
0 0.10659 0.45564 0.0562546 0.164474
0 0.228889 0.437774 0.0292661 0.0933899
0 0.686963 0.455647 0.0689531 0.0551305
0 0.405194 0.25232 0.0119518 0.0321823
0 0.228295 0.45644 0.0384352 0.132274
0 0.095617 0.426342 0.0382275 0.11238
