0 0.418821 0.45065 0.029948 0.11602
0 0.183127 0.404452 0.0323588 0.11592
0 0.778684 0.376958 0.0288936 0.0976988
0 0.660852 0.534242 0.0427879 0.132423
0 0.878726 0.359377 0.0456652 0.114202
0 0.963977 0.426403 0.0386391 0.118922
0 0.495692 0.481937 0.0466589 0.135424
0 0.344978 0.566634 0.0379512 0.139831
0 0.580601 0.284139 0.0265303 0.0951798
0 0.166812 0.212849 0.0200304 0.0875707
0 0.323713 0.422352 0.0391469 0.172861
0 0.986189 0.75955 0.0268272 0.134832
0 0.990483 0.758339 0.0182278 0.123749
0 0.504205 0.479328 0.0304441 0.130017
0 0.329361 0.371418 0.0168448 0.0718741
