0 0.507692 0.48829 0.0495965 0.109162
0 0.667982 0.542719 0.0434949 0.134157
0 0.252559 0.401733 0.0368109 0.115925
0 0.570172 0.489393 0.0371244 0.11735
0 0.456165 0.479269 0.0199068 0.111118
0 0.382907 0.577999 0.051269 0.132863
0 0.631671 0.27712 0.0215527 0.0890781
32 0.607167 0.466644 0.0104822 0.0159571
0 0.927187 0.340453 0.0236206 0.106249
0 0.379539 0.386881 0.0195885 0.105678
0 0.252735 0.21425 0.0171685 0.0873672
0 0.88657 0.38574 0.0321394 0.0930193
0 0.00756463 0.205475 0.015016 0.083598
0 0.900247 0.344985 0.0214649 0.103946
0 0.989798 0.757334 0.0198936 0.141312
0 0.386394 0.564569 0.0395302 0.103972
0 0.904237 0.347404 0.0286892 0.105373
0 0.897236 0.360682 0.0260757 0.130434
