0 0.237722 0.624052 0.0303753 0.155498
0 0.0664091 0.46518 0.0306669 0.136677
0 0.542295 0.467267 0.0352293 0.123869
0 0.832937 0.481216 0.0362333 0.155394
0 0.279089 0.486998 0.0318352 0.145971
0 0.336319 0.36564 0.0229465 0.127236
0 0.0951486 0.543945 0.0401718 0.144075
0 0.591661 0.461699 0.0267178 0.148219
0 0.417453 0.405837 0.029887 0.113016
0 0.483858 0.460874 0.0295251 0.101579
0 0.454371 0.456716 0.039749 0.0959344
0 0.461618 0.460897 0.0549788 0.0996295
0 0.833449 0.379662 0.027124 0.0913034
0 0.833392 0.391025 0.0306473 0.116522
