0 0.615534 0.543519 0.0304665 0.135094
0 0.210883 0.420038 0.0308267 0.113332
0 0.486721 0.392918 0.0229241 0.0938488
0 0.720688 0.547037 0.0359064 0.135877
0 0.737621 0.275551 0.0241976 0.0822583
0 0.508642 0.503386 0.0330215 0.100869
0 0.399062 0.436266 0.0292268 0.0696221
0 0.981371 0.375808 0.0366505 0.161637
0 0.0738103 0.725361 0.0344676 0.159891
0 0.22807 0.210883 0.0166286 0.0746875
0 0.437527 0.58374 0.0229992 0.121721
0 0.95367 0.334266 0.0251982 0.0782401
0 0.0766401 0.711196 0.0291982 0.130172
0 0.415914 0.214821 0.0187942 0.0708908
0 0.00475149 0.591913 0.00937671 0.110842
32 0.544816 0.552965 0.0129141 0.0185791
0 0.740862 0.496671 0.0293255 0.0867028
0 0.0422638 0.321798 0.0262758 0.11523
0 0.741592 0.480581 0.0282856 0.0580899
0 0.399841 0.424518 0.0290112 0.0963304
