0 0.206455 0.438259 0.0331445 0.120536
0 0.830046 0.566409 0.0451576 0.123811
0 0.719389 0.378076 0.0254044 0.110449
0 0.415041 0.626562 0.0299978 0.14327
0 0.805424 0.328822 0.022831 0.0953763
0 0.678893 0.348395 0.0211691 0.096016
0 0.569566 0.650152 0.0375026 0.120132
0 0.984556 0.45324 0.0299255 0.109035
0 0.363555 0.672091 0.044191 0.142077
0 0.481463 0.272711 0.015404 0.088284
0 0.931552 0.235728 0.0209515 0.0850407
0 0.638736 0.185869 0.0162412 0.0745623
0 0.534775 0.278124 0.0204313 0.093156
0 0.481893 0.620688 0.0302664 0.107001
0 0.0273742 0.9662 0.0267228 0.0669267
0 0.479381 0.622444 0.0447231 0.113694
0 0.752357 0.168405 0.0156016 0.0686412
0 0.0630401 0.974795 0.0309558 0.050411
0 0.477313 0.658684 0.0414978 0.0495088
0 0.136051 0.982844 0.0261626 0.0343114
