0 0.296356 0.393418 0.0306005 0.110827
0 0.683687 0.537254 0.0296865 0.129997
0 0.381542 0.422989 0.0267824 0.118279
0 0.286396 0.585817 0.0443001 0.137657
0 0.939271 0.42664 0.0417667 0.112154
0 0.447952 0.496049 0.0281229 0.120788
0 0.509935 0.460391 0.0483438 0.111997
0 0.130757 0.405511 0.0350491 0.116136
0 0.867893 0.378673 0.0281017 0.117922
0 0.836921 0.357739 0.0279961 0.116153
0 0.135713 0.404556 0.025277 0.112631
0 0.655263 0.384524 0.0330725 0.100102
0 0.0996266 0.228962 0.0293817 0.0810122
0 0.551088 0.291273 0.0404067 0.0944703
0 0.557783 0.292191 0.0258566 0.0939809
32 0.994902 0.789596 0.00935802 0.0312865
