0 0.947446 0.255729 0.0254284 0.102173
0 0.515265 0.465405 0.0314384 0.132687
0 0.149041 0.296992 0.0255189 0.0999852
0 0.419871 0.346599 0.0567551 0.116506
0 0.626448 0.53325 0.0380308 0.128839
0 0.291477 0.387988 0.0361819 0.116399
0 0.0118345 0.446605 0.0236691 0.123325
0 0.29768 0.38839 0.0242959 0.1191
0 0.435742 0.343429 0.0257301 0.114994
32 0.655221 0.569221 0.0126687 0.0233302
32 0.818524 0.150576 0.0118387 0.0201763
0 0.621751 0.425577 0.0252277 0.113711
32 0.690761 0.987169 0.0223223 0.0256461
