0 0.924232 0.42925 0.0463188 0.113113
0 0.268474 0.580572 0.0448879 0.134414
0 0.115613 0.405857 0.0433541 0.114423
0 0.520465 0.460468 0.0394594 0.124754
0 0.363901 0.409915 0.0252361 0.10749
0 0.429257 0.491309 0.0357502 0.117628
0 0.596135 0.378462 0.0329208 0.108902
0 0.0784918 0.228256 0.0184323 0.0802728
0 0.701361 0.534225 0.0243517 0.133682
0 0.858415 0.379962 0.0247871 0.113582
0 0.284695 0.393737 0.0250393 0.0998133
0 0.541022 0.291409 0.030986 0.0943536
0 0.816102 0.357692 0.0291008 0.111343
0 0.288532 0.392551 0.0183667 0.0971118
0 0.700021 0.517915 0.0218437 0.0921683
0 0.433326 0.484051 0.0282178 0.101362
0 0.856046 0.396693 0.0254961 0.0903417
