0 0.137926 0.722825 0.0423535 0.156646
0 0.293829 0.417587 0.0310967 0.114318
0 0.665614 0.564977 0.032243 0.119928
0 0.0588063 0.602877 0.0416278 0.130783
0 0.828465 0.49173 0.0304522 0.0957734
0 0.509373 0.514908 0.0464325 0.104487
0 0.0914626 0.30314 0.0168133 0.0979434
0 0.466165 0.415967 0.0280833 0.104693
0 0.746677 0.544331 0.0264973 0.134187
0 0.31589 0.216407 0.020228 0.0776659
0 0.45856 0.586747 0.0192983 0.122698
0 0.45157 0.587286 0.0335651 0.122468
0 0.484371 0.21491 0.0152306 0.0687256
0 0.535923 0.388295 0.0197006 0.0786579
0 0.981176 0.334553 0.0370686 0.0870032
0 0.146113 0.318964 0.0246397 0.107196
32 0.435152 0.604635 0.015896 0.0211583
0 0.519397 0.51421 0.0268583 0.101017
0 0.468853 0.410842 0.0220835 0.086958
0 0.991267 0.334956 0.0166439 0.0801848
0 0.142383 0.715633 0.030496 0.142367
0 0.980674 0.384981 0.0382122 0.185831
0 0.13668 0.745956 0.0401598 0.10881
