0 0.0938576 0.4477 0.0434764 0.122779
0 0.34367 0.396248 0.0328808 0.118012
0 0.685198 0.41566 0.0334266 0.123454
0 0.771096 0.558849 0.0387262 0.12651
0 0.233219 0.292151 0.0293927 0.0940286
0 0.541266 0.345424 0.0362467 0.1067
0 0.0345747 0.422882 0.051797 0.110302
0 0.579795 0.477906 0.0442211 0.140781
32 0.727567 0.580049 0.0138839 0.0228307
0 0.493888 0.351835 0.0276436 0.107407
0 0.582591 0.475901 0.0303808 0.135763
0 0.539978 0.344903 0.0257559 0.102522
0 0.579584 0.513763 0.0452799 0.0679611
