0 0.381713 0.667385 0.038401 0.129471
0 0.639753 0.651605 0.0300606 0.140364
0 0.23131 0.43711 0.0267754 0.118848
0 0.866248 0.564918 0.0332355 0.124136
0 0.927332 0.234287 0.0222679 0.0830772
0 0.54562 0.275175 0.0154356 0.095242
0 0.820117 0.324643 0.019857 0.0916889
0 0.712408 0.363818 0.0331284 0.127328
0 0.492168 0.270001 0.0193799 0.0863685
0 0.447092 0.639355 0.0514445 0.12399
0 0.64518 0.180843 0.0156767 0.0754972
0 0.759685 0.165787 0.0135611 0.0632484
0 0.137584 0.980002 0.0284541 0.0399952
0 0.0637438 0.973742 0.0314846 0.0525153
0 0.0281062 0.964652 0.0273172 0.0701448
0 0.644926 0.167762 0.0185855 0.101888
0 0.469091 0.59203 0.020994 0.0582126
0 0.704417 0.330653 0.0171434 0.0689804
32 0.500554 0.678291 0.014266 0.0254878
0 0.467149 0.588417 0.0156137 0.0545386
