32 0.727447 0.573175 0.0138493 0.0199206
0 0.798781 0.561567 0.0361658 0.134357
0 0.592449 0.474715 0.0561258 0.14139
0 0.555576 0.353549 0.0327568 0.113855
0 0.112604 0.450617 0.0353386 0.121364
0 0.352264 0.394521 0.0418215 0.114496
0 0.057919 0.423929 0.046301 0.114168
0 0.248676 0.292367 0.0334585 0.100146
0 0.499638 0.350301 0.0499821 0.103038
0 0.703776 0.419763 0.0234538 0.118546
0 0.697935 0.41925 0.0317757 0.120643
0 0.558098 0.348244 0.0248737 0.100345
32 0.894485 0.983936 0.0256765 0.027204
0 0.357652 0.389461 0.0300874 0.107296
0 0.50794 0.346374 0.03124 0.0987832
