0 0.399135 0.67539 0.0447629 0.10573
0 0.692413 0.653824 0.0572235 0.126784
0 0.250635 0.435853 0.0262976 0.117688
0 0.927395 0.233065 0.0213226 0.0837443
0 0.889231 0.56207 0.047345 0.125708
0 0.555802 0.275251 0.0217579 0.097897
0 0.502334 0.269014 0.0142314 0.0858526
0 0.652352 0.18444 0.0186513 0.0653442
0 0.834792 0.317454 0.0177244 0.0832312
0 0.683025 0.655765 0.0374042 0.126936
0 0.463748 0.640506 0.0673253 0.134802
0 0.721247 0.365008 0.0307203 0.12573
0 0.71957 0.37643 0.0262718 0.10131
32 0.511704 0.684483 0.0137871 0.0241784
0 0.0296999 0.964609 0.0279207 0.0705785
0 0.0648493 0.97321 0.0343937 0.0535807
0 0.137418 0.979309 0.0254521 0.0413829
0 0.7231 0.342584 0.0273882 0.105452
0 0.76676 0.162864 0.0173298 0.064886
0 0.47382 0.638823 0.0487606 0.131462
