0 0.801921 0.481883 0.0374619 0.142921
0 0.2344 0.493234 0.0345335 0.145741
0 0.567667 0.466556 0.0317722 0.143085
0 0.346373 0.368922 0.0359546 0.115319
0 0.191854 0.622261 0.0301884 0.15882
0 0.392821 0.404507 0.0274027 0.115322
0 0.443313 0.463673 0.0352287 0.106998
0 0.0385179 0.544172 0.0342256 0.140137
0 0.0285469 0.453411 0.0322606 0.109138
0 0.808594 0.355066 0.0312935 0.0801647
0 0.497001 0.431662 0.0308699 0.111456
0 0.541158 0.476868 0.0442501 0.106874
0 0.808382 0.37767 0.0323742 0.127763
0 0.493144 0.422495 0.0219522 0.105353
0 0.53618 0.471107 0.0348593 0.0976834
