0 0.376714 0.575864 0.0315417 0.137054
0 0.50545 0.480715 0.0440882 0.115561
0 0.358074 0.388057 0.0334222 0.112228
0 0.2323 0.401978 0.0258641 0.121294
0 0.674264 0.543514 0.0272879 0.133562
0 0.868051 0.387511 0.043022 0.0857925
0 0.617104 0.272447 0.0199842 0.0866309
0 0.542091 0.487106 0.0265567 0.120081
0 0.446841 0.468751 0.0289356 0.108967
0 0.922769 0.343298 0.0359745 0.101028
0 0.222655 0.213538 0.0271131 0.0874078
0 0.894673 0.35062 0.0207184 0.105847
0 0.992215 0.436171 0.0146942 0.119781
0 0.989127 0.760795 0.0211994 0.141349
0 0.353805 0.113367 0.0200402 0.0851623
