0 0.949361 0.425307 0.0389887 0.119255
0 0.40827 0.440811 0.027092 0.101178
0 0.163328 0.400631 0.0398094 0.120767
0 0.331132 0.563618 0.0413395 0.135842
0 0.479633 0.492573 0.0443508 0.122504
0 0.568947 0.280975 0.028364 0.0930233
0 0.162901 0.422404 0.0385521 0.0767391
0 0.748388 0.380874 0.0315621 0.103175
0 0.655533 0.531473 0.0553639 0.127863
0 0.146573 0.218415 0.0164708 0.0761053
0 0.983481 0.768496 0.0325222 0.14149
0 0.319071 0.381341 0.016686 0.0828807
0 0.873359 0.364745 0.0342228 0.111756
32 0.621979 0.44309 0.0115039 0.0205612
0 0.666914 0.532367 0.0328526 0.129366
0 0.502763 0.455886 0.0240269 0.0843605
0 0.875153 0.363428 0.0227074 0.105765
