0 0.703766 0.691428 0.0543581 0.116431
0 0.195855 0.424764 0.0354305 0.113696
0 0.595026 0.36244 0.0315186 0.10082
0 0.894239 0.546126 0.0378548 0.137952
0 0.457407 0.641629 0.0292765 0.129347
0 0.380646 0.639761 0.032357 0.127423
0 0.386429 0.257639 0.0168778 0.0873025
0 0.646249 0.324204 0.0202892 0.0920469
0 0.4359 0.266764 0.0199327 0.0933213
0 0.740839 0.304902 0.0211415 0.0833555
0 0.529525 0.166159 0.0154112 0.0667137
0 0.380283 0.626488 0.0280206 0.100075
0 0.64708 0.149207 0.020591 0.0582385
0 0.417214 0.671701 0.0455759 0.102543
0 0.965888 0.400941 0.0174072 0.0819812
0 0.966886 0.414132 0.0242025 0.109538
0 0.788612 0.215061 0.0170073 0.0750379
0 0.889998 0.523807 0.026474 0.0897929
0 0.893981 0.576671 0.0384541 0.0800266
