0 0.734241 0.591065 0.0304306 0.139478
0 0.156722 0.607941 0.0418196 0.141192
0 0.784056 0.524119 0.0334465 0.111879
0 0.518195 0.54474 0.0352043 0.106465
0 0.220539 0.716338 0.0400538 0.151966
0 0.961478 0.484729 0.0262806 0.102916
0 0.239096 0.302944 0.0228225 0.0941787
0 0.422081 0.410733 0.019895 0.106818
0 0.292842 0.314847 0.0233772 0.101752
0 0.459137 0.584549 0.0302806 0.101201
0 0.838936 0.271716 0.0245052 0.0726992
0 0.570841 0.411901 0.0179886 0.102939
0 0.580332 0.211628 0.0155 0.0631295
0 0.602396 0.383066 0.02671 0.0817388
0 0.437678 0.216361 0.0159172 0.0719743
0 0.461452 0.572675 0.0270765 0.0780582
