0 0.364562 0.393273 0.0510511 0.108615
0 0.829074 0.571114 0.0350643 0.13549
0 0.516198 0.353365 0.0406491 0.106152
0 0.603593 0.479416 0.041601 0.138553
0 0.575781 0.357644 0.0223062 0.110621
0 0.128079 0.446941 0.0476061 0.116349
0 0.711813 0.419297 0.0544485 0.121616
0 0.0866211 0.420284 0.0404033 0.108373
0 0.0149365 0.585985 0.029873 0.136821
32 0.727698 0.5653 0.0126442 0.0216337
0 0.26588 0.291227 0.046778 0.0914942
0 0.60291 0.506629 0.0415975 0.0877019
0 0.274573 0.277583 0.0228252 0.0616721
32 0.925761 0.98661 0.0234724 0.0267795
0 0.721101 0.419788 0.0321424 0.120907
0 0.13357 0.444532 0.0340921 0.114424
0 0.275414 0.289354 0.0246077 0.0874836
0 0.0902093 0.41241 0.0309672 0.0921746
0 0.0153471 0.33843 0.0257416 0.0956406
