0 0.215826 0.424147 0.0377236 0.113158
0 0.71421 0.678642 0.0407187 0.11948
0 0.414781 0.64657 0.095482 0.140212
0 0.465312 0.267531 0.0267436 0.0957131
0 0.671151 0.324682 0.0272625 0.0962724
0 0.904136 0.540092 0.05746 0.119927
0 0.416311 0.261188 0.0298452 0.0826508
0 0.766185 0.304231 0.02383 0.090159
0 0.455637 0.638795 0.0750699 0.139895
0 0.625179 0.362932 0.0270331 0.0963694
0 0.558257 0.169792 0.0193167 0.0688167
0 0.467516 0.634517 0.0481404 0.123942
0 0.678342 0.152183 0.020227 0.0596494
0 0.709812 0.673514 0.0300879 0.111688
0 0.988935 0.422223 0.0211571 0.106767
0 0.897822 0.538719 0.0401985 0.115871
0 0.212672 0.41943 0.027945 0.102987
0 0.988578 0.402495 0.0206329 0.0645445
