0 0.837075 0.481132 0.0404539 0.153605
0 0.540141 0.457308 0.0457468 0.140297
0 0.253265 0.624651 0.0365584 0.163777
0 0.0738679 0.464981 0.0259774 0.131262
0 0.290866 0.48247 0.030674 0.140606
0 0.59955 0.461073 0.0320665 0.147241
0 0.327639 0.36255 0.0224681 0.128576
0 0.11823 0.54606 0.038554 0.140183
0 0.44867 0.451908 0.0399155 0.10174
0 0.419879 0.402208 0.0337232 0.116956
0 0.475788 0.472991 0.0314149 0.0678263
0 0.468601 0.472983 0.0434376 0.0695341
0 0.83736 0.382734 0.0291061 0.0758601
0 0.417494 0.393614 0.0279086 0.0959808
