0 0.463052 0.494453 0.0275768 0.121048
0 0.666657 0.536415 0.0481336 0.134928
0 0.306946 0.583159 0.046245 0.138662
0 0.939316 0.42483 0.0385242 0.117857
0 0.393607 0.426537 0.026039 0.105194
0 0.508384 0.466177 0.0251148 0.120158
0 0.148758 0.41035 0.027726 0.115902
0 0.301851 0.389991 0.0419842 0.107316
0 0.560084 0.289688 0.0220436 0.0912798
0 0.869806 0.367819 0.0326763 0.112958
0 0.850337 0.358803 0.0388468 0.112828
32 0.621435 0.425613 0.0106688 0.0155301
0 0.119106 0.225093 0.0284195 0.0753389
0 0.697926 0.378662 0.0232716 0.100653
0 0.869473 0.36649 0.024441 0.104809
0 0.14813 0.42704 0.02614 0.0830217
