0 0.0504676 0.386787 0.0359747 0.125552
0 0.214094 0.583129 0.0419029 0.14162
0 0.738034 0.510394 0.0299159 0.134862
0 0.532464 0.429784 0.0249812 0.124416
0 0.793233 0.375533 0.0296455 0.111233
0 0.220415 0.388025 0.0395223 0.113359
0 0.227073 0.388083 0.0260592 0.112577
0 0.289599 0.365168 0.0223063 0.0988129
0 0.895985 0.43022 0.0287865 0.121029
0 0.364729 0.459119 0.0382204 0.114023
0 0.489831 0.292076 0.0226607 0.0955982
0 0.447037 0.386966 0.0423636 0.0938008
0 0.730146 0.512601 0.0456928 0.135991
0 0.723634 0.355011 0.037851 0.100449
0 0.440978 0.38787 0.0298117 0.0941259
0 0.729446 0.355476 0.0261778 0.0969425
0 0.369462 0.456854 0.0251298 0.106602
