0 0.931902 0.416625 0.0271265 0.115993
0 0.162631 0.426814 0.0419872 0.115515
0 0.673467 0.701687 0.0494685 0.117978
0 0.608801 0.319278 0.0267727 0.101215
0 0.389902 0.268333 0.029926 0.091315
0 0.702807 0.304542 0.028303 0.0893842
0 0.356456 0.630724 0.0317294 0.104265
0 0.545618 0.363088 0.0222822 0.0998784
0 0.436362 0.655883 0.0289017 0.12357
0 0.34174 0.257903 0.0236274 0.0829403
0 0.484455 0.169034 0.0226244 0.0632497
0 0.869613 0.54596 0.0326511 0.130308
0 0.882244 0.545131 0.0583151 0.12707
32 0.380441 0.703056 0.0140444 0.026022
0 0.739956 0.208613 0.0176643 0.0695724
0 0.407548 0.659447 0.0379912 0.110705
0 0.417072 0.659386 0.059151 0.117994
0 0.598356 0.14821 0.0167436 0.0577419
0 0.352657 0.627141 0.0244912 0.0955438
