0 0.451962 0.495428 0.0250881 0.122237
0 0.507171 0.467225 0.0409262 0.11858
0 0.938288 0.426555 0.0416355 0.115411
0 0.286547 0.583432 0.0416584 0.139317
0 0.299094 0.394121 0.026281 0.111255
0 0.385541 0.424494 0.0228808 0.116339
0 0.1329 0.403827 0.0382654 0.118996
0 0.868261 0.377084 0.0206528 0.113382
0 0.682777 0.53564 0.025556 0.129907
0 0.836579 0.36021 0.0364723 0.118433
0 0.552037 0.290507 0.0351508 0.0938746
0 0.140134 0.403165 0.0249072 0.116167
0 0.664148 0.385661 0.0325735 0.0993235
0 0.104348 0.228302 0.0269087 0.0797744
0 0.675033 0.538505 0.0370314 0.126079
0 0.293691 0.58574 0.0320415 0.138202
