0 0.908235 0.433749 0.041958 0.112356
0 0.32264 0.38127 0.0334207 0.0997235
0 0.393576 0.485455 0.0364593 0.112053
0 0.826174 0.377114 0.0361885 0.122635
0 0.0842666 0.398862 0.0248613 0.112319
0 0.714716 0.521374 0.0469463 0.134427
0 0.771006 0.350757 0.0268816 0.117977
0 0.241695 0.587319 0.0287473 0.136164
0 0.253084 0.39231 0.030123 0.110379
0 0.507087 0.383425 0.0296062 0.0870802
0 0.51902 0.295521 0.0193349 0.0980478
0 0.515193 0.295253 0.0261489 0.102677
0 0.0224941 0.230054 0.0287076 0.0758209
0 0.528166 0.423165 0.0393768 0.0910765
0 0.533028 0.433823 0.0339219 0.114828
0 0.533252 0.420665 0.0279712 0.0873474
0 0.0244865 0.222096 0.022708 0.0649302
0 0.0109805 0.116222 0.0218483 0.0833043
