0 0.38542 0.408247 0.0353983 0.105566
0 0.175613 0.623698 0.0348969 0.150936
0 0.02499 0.539724 0.0378563 0.147684
0 0.218852 0.499518 0.0306608 0.143443
0 0.791555 0.476221 0.0379305 0.142307
0 0.351715 0.3727 0.0338129 0.111078
0 0.448283 0.470902 0.0477265 0.124362
0 0.800797 0.380734 0.0343607 0.118615
0 0.494301 0.421013 0.0231309 0.110836
0 0.559078 0.465643 0.0347118 0.140042
0 0.0153829 0.448957 0.0291024 0.100696
0 0.534155 0.476626 0.0372095 0.0987515
0 0.800093 0.358272 0.0322063 0.0750939
0 0.347383 0.358738 0.0262434 0.0851331
