0 0.277694 0.583532 0.04471 0.145994
0 0.927488 0.428513 0.05229 0.11778
0 0.431799 0.493344 0.0398638 0.118354
0 0.861556 0.38034 0.0394199 0.121472
0 0.522281 0.462964 0.0346708 0.121252
0 0.615266 0.376429 0.0297791 0.106072
0 0.548151 0.295262 0.0243128 0.0897515
0 0.370239 0.41035 0.0299833 0.0991579
0 0.821156 0.355944 0.029203 0.118627
0 0.121297 0.431941 0.0371878 0.0733315
0 0.120893 0.407983 0.0390357 0.11217
0 0.685853 0.531498 0.0598348 0.129842
0 0.291932 0.389391 0.0222125 0.103993
0 0.284597 0.39034 0.0382816 0.103999
0 0.696827 0.530509 0.0373743 0.125834
0 0.0830012 0.229025 0.0283502 0.0757017
0 0.0879244 0.226793 0.0187177 0.0735012
0 0.6703 0.573194 0.0286234 0.0324865
0 0.128131 0.391798 0.0230261 0.0783646
