0 0.381019 0.410094 0.0356668 0.10221
0 0.21094 0.502643 0.0304576 0.137395
0 0.786221 0.474722 0.0373081 0.143707
0 0.445511 0.47471 0.0492556 0.130658
0 0.168245 0.622302 0.0369521 0.153028
0 0.0225261 0.538485 0.0363406 0.146211
0 0.552917 0.469224 0.0399246 0.1463
0 0.351057 0.36951 0.0330568 0.107635
0 0.797648 0.379535 0.0317932 0.116437
0 0.501877 0.425065 0.035741 0.115526
0 0.0122134 0.442508 0.0243552 0.0888223
0 0.347928 0.368493 0.0253786 0.0967129
0 0.49701 0.421801 0.0287439 0.111019
0 0.797318 0.361935 0.0313469 0.0819177
0 0.49485 0.413561 0.0233473 0.0955439
0 0.349572 0.35663 0.0293259 0.0831556
