0 0.204019 0.581243 0.0520871 0.136171
0 0.525444 0.427271 0.0364363 0.125777
0 0.736645 0.513368 0.0288845 0.139938
0 0.71784 0.358188 0.038902 0.0975488
0 0.882599 0.430434 0.0408056 0.123122
0 0.0399419 0.383772 0.0425492 0.115648
0 0.478184 0.289902 0.0319811 0.0942675
0 0.77905 0.378325 0.0422054 0.110859
0 0.42427 0.390798 0.0331951 0.100838
0 0.278667 0.368342 0.0232534 0.109357
0 0.359145 0.460477 0.0252328 0.10164
0 0.355219 0.466466 0.0324788 0.110655
32 0.560011 0.441286 0.015001 0.0176672
0 0.217125 0.383656 0.0216433 0.09708
0 0.78585 0.376225 0.0277452 0.107983
0 0.215705 0.388066 0.0278162 0.108604
