0 0.784597 0.357694 0.044408 0.112969
0 0.246089 0.583602 0.0452952 0.132465
0 0.408312 0.482641 0.0367086 0.121696
0 0.915843 0.433344 0.0362768 0.114872
0 0.0964221 0.401635 0.0369722 0.120937
0 0.702993 0.523923 0.0566764 0.139956
0 0.529247 0.454152 0.0233381 0.117803
0 0.343428 0.394201 0.0224525 0.10094
0 0.840373 0.380171 0.0307735 0.118612
0 0.529902 0.293279 0.0210186 0.0954407
0 0.263428 0.389765 0.0427871 0.108476
0 0.0467456 0.232079 0.024199 0.0801987
0 0.546745 0.377778 0.0259762 0.0804457
0 0.270185 0.387959 0.0275712 0.101258
