0 0.313167 0.57937 0.0432341 0.137555
0 0.465684 0.496024 0.0281014 0.124264
0 0.669441 0.540121 0.0490868 0.135518
0 0.942054 0.425213 0.0353703 0.116479
0 0.507231 0.462906 0.0312328 0.121037
0 0.152291 0.408735 0.0258488 0.113451
0 0.396498 0.429627 0.0256675 0.106345
0 0.303836 0.389535 0.0377651 0.108054
0 0.564671 0.288172 0.0180721 0.0919032
32 0.620967 0.427355 0.010601 0.0165554
0 0.559627 0.288028 0.0282276 0.0938283
0 0.870405 0.368115 0.029385 0.113608
0 0.708892 0.378185 0.0269425 0.098268
0 0.125054 0.225246 0.0285402 0.0821036
0 0.85309 0.361369 0.0278229 0.114464
0 0.99061 0.766806 0.0182068 0.142745
0 0.70533 0.375164 0.0200878 0.09415
0 0.993246 0.764028 0.0127712 0.131982
