0 0.90429 0.427963 0.0381186 0.126213
0 0.529602 0.427615 0.0393034 0.12683
0 0.745936 0.354917 0.0380271 0.1104
0 0.807922 0.374597 0.0345715 0.120214
0 0.223356 0.580494 0.0478173 0.137288
0 0.732691 0.521442 0.0383076 0.139344
0 0.238175 0.391798 0.0249992 0.108875
0 0.304597 0.37229 0.0243844 0.107229
0 0.382131 0.473404 0.0305902 0.119632
0 0.0644589 0.391298 0.0396039 0.122588
0 0.0693954 0.390599 0.0279309 0.122328
0 0.504804 0.288984 0.0217745 0.0931357
0 0.471072 0.38326 0.0292304 0.0933816
0 0.496205 0.288908 0.0396565 0.0945541
0 0.230999 0.580289 0.0278548 0.13572
