0 0.907103 0.428842 0.0354891 0.127869
0 0.812839 0.377461 0.0294186 0.12114
0 0.531565 0.433113 0.0378862 0.135133
0 0.750442 0.355981 0.0295332 0.112406
0 0.224262 0.58154 0.0490476 0.136695
0 0.381655 0.477574 0.0400825 0.120434
0 0.730808 0.524082 0.0313099 0.137267
0 0.309052 0.377242 0.0231896 0.107342
0 0.0684791 0.391154 0.0432615 0.118935
0 0.244594 0.390784 0.0202667 0.103871
0 0.238769 0.391523 0.0326851 0.106496
0 0.499184 0.291205 0.0350341 0.0958261
0 0.477058 0.381892 0.0251083 0.0958065
0 0.504765 0.291799 0.0240499 0.0942048
0 0.723995 0.524778 0.040872 0.141614
0 0.00487442 0.229926 0.00964962 0.0752739
