0 0.900582 0.427168 0.0424843 0.127213
0 0.80508 0.374643 0.0343184 0.119534
0 0.300746 0.369823 0.0246578 0.106081
0 0.729319 0.519427 0.0411112 0.141803
0 0.529601 0.425892 0.0460123 0.125312
0 0.740854 0.355308 0.0447292 0.10863
0 0.379026 0.472825 0.0326691 0.12818
0 0.230182 0.580998 0.0237593 0.133783
0 0.0644554 0.390991 0.0265003 0.123767
0 0.466312 0.383115 0.024238 0.0979307
0 0.234749 0.389955 0.0286913 0.112153
0 0.504116 0.289044 0.0212447 0.0908246
0 0.238627 0.377212 0.0214787 0.0837886
0 0.498696 0.289456 0.0328341 0.093324
0 0.223503 0.580637 0.0381084 0.132814
