0 0.759876 0.596174 0.0444941 0.127096
0 0.5062 0.557981 0.0325111 0.115083
0 0.2518 0.708529 0.047475 0.148278
32 0.543929 0.598372 0.0127004 0.0187381
0 0.0278946 0.468982 0.0301523 0.118947
0 0.303364 0.30235 0.018454 0.0895249
0 0.480006 0.397288 0.0223378 0.105594
0 0.3585 0.307781 0.0203343 0.103479
0 0.613606 0.411012 0.0307453 0.102775
0 0.804607 0.512542 0.0378441 0.10974
0 0.855388 0.277188 0.0236774 0.0683853
0 0.455946 0.584813 0.0382384 0.0963494
0 0.492093 0.213911 0.0194987 0.0732208
0 0.204231 0.613037 0.0379148 0.136832
0 0.641165 0.372178 0.0213896 0.0749219
0 0.624091 0.206195 0.0164361 0.0623043
0 0.461017 0.581618 0.0279629 0.0958216
0 0.209057 0.598238 0.0304384 0.10538
