0 0.412892 0.590239 0.0362255 0.13776
0 0.691819 0.554833 0.0521086 0.13414
0 0.554959 0.508269 0.0476184 0.109285
0 0.496394 0.498757 0.0230137 0.109367
0 0.688488 0.274082 0.0310287 0.0879145
0 0.438822 0.386663 0.0236601 0.104328
0 0.116433 0.422728 0.0206759 0.117698
0 0.659409 0.49255 0.0278423 0.0934972
0 0.336703 0.413037 0.0288095 0.111447
0 0.939348 0.394459 0.0368193 0.107531
0 0.341931 0.218767 0.0244709 0.0789761
0 0.0140709 0.727679 0.0279444 0.167247
0 0.129312 0.209908 0.0229002 0.0799949
0 0.922526 0.33269 0.0325289 0.0783189
32 0.994366 0.843823 0.0103712 0.0278873
