0 0.779452 0.359202 0.0432486 0.113455
0 0.243152 0.582616 0.0476943 0.133486
0 0.0931073 0.401039 0.0372667 0.119594
0 0.83861 0.378863 0.0257759 0.112281
0 0.526771 0.452591 0.0328461 0.122297
0 0.339662 0.391406 0.0220644 0.104416
0 0.916007 0.435216 0.0319702 0.1162
0 0.710523 0.524399 0.0374574 0.138553
0 0.404868 0.483873 0.0335733 0.119219
0 0.703606 0.525567 0.0527271 0.140538
0 0.525604 0.290998 0.0241167 0.0943741
0 0.267671 0.39098 0.0223619 0.102624
0 0.0442746 0.230947 0.0228166 0.081362
0 0.263054 0.39222 0.0339062 0.103943
0 0.536124 0.38734 0.0312805 0.103096
