0 0.777096 0.529331 0.0432936 0.122327
0 0.729189 0.590016 0.0303424 0.136123
0 0.208802 0.715445 0.0451223 0.151932
0 0.509869 0.543292 0.0406284 0.105607
0 0.145168 0.602375 0.0400426 0.134854
0 0.455362 0.585148 0.0431614 0.100939
0 0.408401 0.412339 0.0216944 0.110923
0 0.944407 0.48956 0.0254299 0.104293
0 0.276955 0.31584 0.021146 0.10029
0 0.22164 0.302768 0.0217012 0.0925614
0 0.558254 0.41393 0.0221356 0.105439
0 0.830384 0.27527 0.0328075 0.0821678
0 0.568796 0.213716 0.0201942 0.0672641
0 0.424112 0.219327 0.0173637 0.0716682
0 0.591295 0.385944 0.0364819 0.0820328
0 0.82707 0.14441 0.0217091 0.0712089
