0 0.808084 0.580002 0.0394949 0.120707
0 0.953916 0.460599 0.0290737 0.109461
0 0.716991 0.379238 0.0224792 0.109466
0 0.514132 0.282524 0.0179859 0.0968089
0 0.645651 0.356156 0.0286329 0.0960296
0 0.529793 0.624938 0.036199 0.122839
0 0.780551 0.336363 0.0222946 0.0910444
0 0.92468 0.245354 0.0297112 0.0821335
0 0.462257 0.276015 0.0212765 0.0868318
0 0.497386 0.603395 0.0272497 0.109855
0 0.183277 0.437932 0.0200619 0.120436
0 0.343029 0.689386 0.0451083 0.13157
0 0.62429 0.189477 0.0157177 0.0697218
0 0.738249 0.171964 0.0152109 0.0677262
0 0.0145058 0.966884 0.0282807 0.0628645
0 0.535228 0.612202 0.0255505 0.0951745
0 0.0516514 0.976246 0.0290715 0.0475076
0 0.375932 0.628713 0.0229835 0.11989
0 0.124843 0.983744 0.025575 0.0325116
0 0.377973 0.608954 0.0236652 0.0933483
0 0.376128 0.622 0.022655 0.0840001
