0 0.373861 0.576487 0.0348433 0.136175
0 0.226487 0.400151 0.0278791 0.119385
0 0.539939 0.485792 0.021298 0.120894
0 0.503064 0.474974 0.0440853 0.118645
0 0.672563 0.542372 0.0380322 0.134868
0 0.355564 0.386083 0.0360491 0.108738
0 0.613641 0.276242 0.0193899 0.0858293
0 0.8632 0.388228 0.0365042 0.0844403
0 0.4454 0.467958 0.0345469 0.111975
0 0.920869 0.346911 0.0376335 0.101188
0 0.216965 0.212347 0.0300818 0.08984
0 0.990259 0.433638 0.0187412 0.124432
0 0.893164 0.344626 0.0204754 0.0981656
0 0.892839 0.35468 0.0304016 0.117696
0 0.99066 0.763325 0.0181629 0.137181
0 0.219316 0.212738 0.0207788 0.089475
0 0.672302 0.525649 0.026936 0.0998691
