0 0.234817 0.424449 0.0257547 0.112354
0 0.734576 0.672097 0.0525442 0.123434
0 0.478017 0.634237 0.0258965 0.13486
0 0.502386 0.271534 0.0267212 0.0959154
0 0.423526 0.642077 0.0471758 0.117633
0 0.450096 0.264423 0.0182493 0.083156
0 0.701081 0.326007 0.0299118 0.0944228
0 0.657655 0.363446 0.0177061 0.0998061
0 0.914235 0.553113 0.0299473 0.126891
0 0.799778 0.307045 0.0319193 0.086019
0 0.594595 0.173627 0.0195356 0.0667617
0 0.855404 0.219512 0.0284584 0.081974
0 0.0644078 0.977863 0.0333454 0.044275
0 0.911381 0.539111 0.0220184 0.0974826
0 0.713093 0.153928 0.0156012 0.0554287
0 0.866384 0.968738 0.0837723 0.0625234
