0 0.932222 0.466826 0.0334232 0.117249
0 0.796633 0.588442 0.0400429 0.12126
0 0.49993 0.284514 0.0254795 0.0964511
0 0.767533 0.341912 0.0224141 0.0891088
0 0.627784 0.362119 0.0221283 0.0923657
0 0.335586 0.688997 0.0489973 0.137929
0 0.709764 0.385432 0.0214563 0.104332
0 0.165175 0.440502 0.0253674 0.121829
0 0.450006 0.278374 0.0176988 0.0869473
0 0.516101 0.614224 0.0373781 0.117885
0 0.493623 0.600493 0.0350737 0.113334
0 0.921535 0.246882 0.024514 0.0855677
0 0.72923 0.177153 0.0156544 0.0674256
0 0.50289 0.601556 0.0297185 0.116749
0 0.612955 0.193064 0.0162433 0.0715905
0 0.356858 0.631576 0.0278202 0.132879
0 0.357718 0.61564 0.0244574 0.102151
0 0.0415217 0.979049 0.0276463 0.0419022
