0 0.42869 0.456122 0.0237811 0.11088
0 0.805964 0.381171 0.0433052 0.0991145
0 0.973789 0.427447 0.0381924 0.123387
0 0.332936 0.391547 0.0351466 0.108013
0 0.195763 0.401753 0.0220815 0.119923
0 0.352821 0.572878 0.0296302 0.14018
0 0.668016 0.53631 0.02785 0.133521
0 0.591598 0.280412 0.0267767 0.098859
0 0.505822 0.482491 0.0518246 0.136244
0 0.180659 0.213429 0.0214577 0.0857962
0 0.889456 0.357286 0.0418221 0.107422
0 0.982397 0.767472 0.0346539 0.141256
0 0.897743 0.357316 0.0255581 0.10122
