32 0.545322 0.601747 0.0108702 0.0208442
0 0.821903 0.511151 0.0409164 0.115377
0 0.514907 0.394207 0.0227875 0.0979674
0 0.279369 0.701182 0.0355961 0.141969
0 0.397458 0.303259 0.0196987 0.0980905
0 0.0651751 0.459959 0.0197602 0.121578
0 0.238915 0.617131 0.0368479 0.130457
0 0.765456 0.597124 0.04181 0.128634
0 0.459153 0.589472 0.0470316 0.101996
0 0.342766 0.299806 0.0180245 0.0885512
0 0.642184 0.402837 0.0211406 0.104948
0 0.671535 0.367835 0.0233612 0.085001
0 0.505722 0.568173 0.0328289 0.104399
0 0.52344 0.211662 0.0182631 0.0711639
0 0.768978 0.597054 0.0287001 0.126757
0 0.65095 0.199725 0.0162105 0.065607
0 0.872895 0.262187 0.0210388 0.0534114
