0 0.925013 0.42808 0.0489286 0.114979
0 0.272752 0.583626 0.0465695 0.144089
0 0.522303 0.46209 0.0379307 0.125645
0 0.11871 0.407876 0.0398983 0.119331
0 0.430113 0.491776 0.0375569 0.118523
0 0.36818 0.410792 0.0254803 0.105638
0 0.290372 0.392551 0.0192694 0.103533
0 0.857903 0.381577 0.0322762 0.118407
0 0.545353 0.293782 0.0269135 0.0899196
0 0.701801 0.533449 0.032869 0.133882
0 0.60477 0.377936 0.0325838 0.109609
0 0.0807923 0.231936 0.0222502 0.0799646
0 0.818909 0.357762 0.0279667 0.117479
0 0.690892 0.533301 0.0543675 0.135285
0 0.608251 0.367595 0.0268236 0.0872922
0 0.283645 0.393661 0.0357086 0.104873
35 0.676172 0.561352 0.0324469 0.0237145
