0 0.417356 0.590337 0.0293131 0.138384
0 0.69493 0.552917 0.0554866 0.137141
0 0.127005 0.422814 0.0202365 0.118359
0 0.501071 0.499258 0.0297182 0.104936
0 0.561457 0.510665 0.0446167 0.105477
0 0.693064 0.275346 0.0289158 0.0882622
0 0.0156365 0.730402 0.0305733 0.165303
0 0.667518 0.492056 0.0268513 0.0897305
0 0.139626 0.210705 0.024964 0.078988
0 0.343255 0.416665 0.0243288 0.104509
0 0.921381 0.334255 0.0375456 0.0814987
0 0.945684 0.398577 0.0384907 0.108209
0 0.445623 0.37801 0.0172396 0.078108
0 0.351284 0.217063 0.0205038 0.0786012
0 0.445054 0.387509 0.0202009 0.101688
