0 0.491537 0.421668 0.0388212 0.123119
0 0.157505 0.581938 0.048803 0.142067
0 0.712238 0.508466 0.04336 0.135584
0 0.839479 0.435572 0.0512619 0.109262
0 0.426243 0.293502 0.0370956 0.100841
0 0.663618 0.364477 0.0365984 0.100835
0 0.727384 0.372015 0.046656 0.113223
0 0.213271 0.363595 0.0252129 0.104853
0 0.737593 0.371706 0.0252848 0.110452
0 0.160143 0.375828 0.0244626 0.0823354
0 0.306592 0.454321 0.0262532 0.0846866
0 0.157155 0.38024 0.0430678 0.0927221
0 0.299002 0.458147 0.0438724 0.091537
0 0.666962 0.352382 0.0302097 0.0767357
32 0.662006 0.496454 0.0134314 0.0182779
0 0.321635 0.39164 0.0237805 0.0915071
0 0.319548 0.399524 0.0310222 0.106547
