0 0.502667 0.63438 0.0406778 0.143525
0 0.504317 0.27058 0.0249501 0.0798556
0 0.555568 0.275068 0.0235992 0.0981204
0 0.264352 0.431839 0.0230608 0.114905
0 0.73597 0.660376 0.0482394 0.124336
0 0.920967 0.561923 0.0398075 0.126945
0 0.919064 0.230943 0.0202106 0.0801968
0 0.651677 0.180507 0.0180773 0.0689447
0 0.422347 0.680494 0.0482291 0.0884649
0 0.738931 0.336656 0.0228502 0.0940575
0 0.461474 0.624064 0.0338671 0.103144
0 0.714514 0.387359 0.0262405 0.0804601
0 0.841202 0.311819 0.026825 0.082329
0 0.842842 0.308385 0.0204222 0.0758511
0 0.0611043 0.972748 0.0341005 0.0545037
0 0.024967 0.963441 0.0290882 0.0723802
0 0.726031 0.660574 0.0304136 0.124848
0 0.715773 0.371301 0.0246851 0.0935181
0 0.770189 0.161488 0.0160173 0.0651614
0 0.133933 0.979008 0.0296358 0.041983
0 0.837461 0.316328 0.0362675 0.092851
