0 0.355638 0.673055 0.0435527 0.146886
0 0.665852 0.351559 0.018982 0.0921566
0 0.52782 0.281299 0.0168261 0.0945997
0 0.554947 0.647284 0.040946 0.124702
0 0.971226 0.457119 0.031415 0.117179
0 0.198017 0.439572 0.022979 0.118261
0 0.719275 0.380169 0.0257104 0.106925
0 0.821562 0.57352 0.0412971 0.123968
0 0.797813 0.334998 0.0190434 0.0908888
0 0.475159 0.275238 0.0179502 0.0862022
0 0.489786 0.616249 0.0282967 0.109408
0 0.929704 0.242092 0.023921 0.0801357
0 0.398178 0.624522 0.029497 0.138351
0 0.635049 0.187793 0.0149464 0.0725445
0 0.748102 0.170425 0.0154715 0.0681218
0 0.025123 0.966332 0.027169 0.0664249
0 0.134059 0.983868 0.0271651 0.0322635
0 0.394225 0.630478 0.023251 0.130459
0 0.396506 0.621452 0.0236957 0.107897
0 0.361894 0.662225 0.0311897 0.131789
0 0.400516 0.608826 0.0284019 0.116695
