0 0.254007 0.624006 0.0344444 0.160257
0 0.508931 0.45016 0.0388539 0.144823
0 0.136556 0.540566 0.0297295 0.142884
0 0.0605757 0.453929 0.0306903 0.141781
0 0.585264 0.449643 0.0291296 0.151037
0 0.290936 0.486317 0.0273342 0.124896
0 0.828072 0.470153 0.0466202 0.180142
0 0.293254 0.362097 0.0257849 0.119778
0 0.440525 0.471274 0.054094 0.0656189
0 0.416909 0.445612 0.0524709 0.10999
0 0.395238 0.390875 0.02633 0.119307
0 0.85038 0.40556 0.0378025 0.067572
0 0.393972 0.373503 0.0243981 0.0846193
