0 0.207574 0.441946 0.0341008 0.114114
0 0.572194 0.647694 0.0427633 0.120759
0 0.419739 0.628228 0.0340984 0.145276
0 0.718972 0.377048 0.0243812 0.111334
0 0.834121 0.563151 0.0449875 0.124453
0 0.478376 0.624951 0.0426462 0.110954
0 0.367381 0.670346 0.0398036 0.142278
0 0.681589 0.34708 0.0238048 0.0992162
0 0.536251 0.279057 0.0236626 0.0944933
0 0.931857 0.23446 0.019849 0.0854848
0 0.807285 0.327044 0.022294 0.0930028
0 0.482512 0.273932 0.0160439 0.0867489
0 0.639777 0.185703 0.0160208 0.0735814
0 0.987613 0.452008 0.0241138 0.10942
0 0.753953 0.167484 0.0164083 0.0673009
0 0.0276973 0.96581 0.0272894 0.0676154
0 0.0633267 0.974618 0.0311652 0.0507644
0 0.137162 0.982822 0.0275989 0.0343567
