0 0.372679 0.578079 0.0347537 0.134693
0 0.220838 0.400964 0.0307322 0.119993
0 0.668894 0.540474 0.0417369 0.139054
0 0.856611 0.38894 0.0367353 0.0831502
0 0.442255 0.465662 0.0331557 0.112271
0 0.610305 0.274699 0.0181137 0.0850344
0 0.357388 0.385873 0.0228677 0.110435
0 0.220671 0.418223 0.0292233 0.0841143
0 0.502368 0.475603 0.0503042 0.126048
0 0.352228 0.385526 0.0324677 0.111065
0 0.916927 0.349805 0.0326517 0.0965777
0 0.535138 0.486334 0.0209661 0.123435
0 0.989819 0.434856 0.0196505 0.120061
0 0.991747 0.766916 0.0159412 0.138034
0 0.213701 0.214262 0.0189694 0.0837189
0 0.893627 0.349107 0.0241695 0.101907
0 0.893189 0.354828 0.0364368 0.11305
32 0.622469 0.44615 0.0118359 0.021352
0 0.337688 0.115625 0.0175917 0.081523
