0 0.251722 0.427858 0.0388256 0.113596
0 0.733494 0.671461 0.0343388 0.123853
0 0.434755 0.650847 0.0715402 0.132508
0 0.921498 0.555929 0.0387745 0.135881
0 0.715213 0.327794 0.0207281 0.0965893
0 0.681368 0.368093 0.0249287 0.105
0 0.485478 0.631025 0.028653 0.126064
0 0.474542 0.266665 0.0175255 0.0816574
0 0.882187 0.226714 0.0308828 0.0730454
0 0.525385 0.272563 0.0179565 0.094751
0 0.619405 0.177138 0.0166372 0.0712007
0 0.816882 0.309438 0.0199518 0.0830143
0 0.739288 0.156622 0.0181716 0.0634285
0 0.0956963 0.977475 0.0330191 0.0450507
0 0.921576 0.586116 0.0385139 0.074825
0 0.0210812 0.973835 0.0345221 0.0523294
