0 0.772511 0.530758 0.0382559 0.13057
0 0.1285 0.605647 0.0322788 0.137084
0 0.19455 0.716796 0.0419895 0.149932
0 0.724057 0.589997 0.0404526 0.135586
0 0.826219 0.277109 0.026741 0.0869734
32 0.540342 0.580479 0.0129139 0.0162243
0 0.386196 0.416498 0.0222607 0.109276
0 0.195892 0.302125 0.0212587 0.0938835
0 0.53988 0.41743 0.0293037 0.104329
0 0.250405 0.317031 0.0197978 0.103355
0 0.919668 0.490699 0.0261795 0.102677
0 0.513202 0.538999 0.0348717 0.101687
0 0.553259 0.213722 0.0173746 0.0684092
0 0.462993 0.57873 0.03169 0.089252
0 0.585068 0.387658 0.02542 0.0893372
0 0.402028 0.219997 0.0209302 0.0713424
0 0.4545 0.581981 0.0526049 0.106027
0 0.466299 0.580821 0.028913 0.106717
0 0.804905 0.143158 0.0198229 0.0732211
0 0.463514 0.569404 0.0279436 0.0709861
