0 0.106748 0.646766 0.0529307 0.179456
0 0.47033 0.424663 0.0387228 0.153444
0 0.578439 0.464024 0.0334294 0.151713
0 0.0223874 0.366579 0.0447748 0.123885
0 0.158124 0.407525 0.0226669 0.141916
0 0.207225 0.540957 0.0734343 0.157761
0 0.110023 0.458602 0.033432 0.155046
0 0.093979 0.414987 0.0419756 0.10997
0 0.19892 0.541517 0.0516485 0.153169
0 0.684878 0.455414 0.0674095 0.0582621
35 0.229939 0.502538 0.0261838 0.0439887
0 0.221894 0.440048 0.0332932 0.0863844
0 0.221864 0.450839 0.0387758 0.112139
0 0.101098 0.45562 0.0500835 0.16192
