0 0.151578 0.422017 0.0275513 0.116807
0 0.584231 0.523705 0.0294505 0.118371
0 0.0309785 0.727842 0.0526324 0.166402
0 0.708522 0.277484 0.0235716 0.0860263
0 0.707337 0.555366 0.0442201 0.137529
0 0.168021 0.212756 0.0259385 0.0777799
0 0.934692 0.335407 0.024844 0.0794288
0 0.955184 0.407981 0.0275452 0.0991789
0 0.424119 0.588663 0.0398579 0.136297
0 0.506609 0.499743 0.0337331 0.097958
0 0.460665 0.385459 0.020159 0.0868657
0 0.428898 0.589124 0.0277233 0.133416
0 0.36576 0.418872 0.0201468 0.0986023
32 0.994099 0.834453 0.0108406 0.0354109
0 0.501535 0.49816 0.0217308 0.0964406
0 0.370842 0.221563 0.0162713 0.0724501
0 0.455011 0.388924 0.0339741 0.0966222
0 0.361956 0.418437 0.028585 0.10052
0 0.690591 0.491196 0.0325443 0.0837392
