0 0.640718 0.556245 0.039708 0.117935
0 0.442443 0.583386 0.0421464 0.13161
0 0.732183 0.550341 0.0477404 0.135662
0 0.0271954 0.597291 0.0485201 0.137635
0 0.108195 0.719187 0.0426289 0.164236
0 0.259525 0.417384 0.0207981 0.115132
0 0.766907 0.276602 0.0211769 0.0866586
0 0.790429 0.495516 0.0284958 0.094842
0 0.510496 0.511048 0.0271571 0.106549
0 0.970051 0.332477 0.0345747 0.0857491
0 0.276235 0.215276 0.0263395 0.0756914
0 0.45167 0.218024 0.0245561 0.0768498
32 0.559037 0.558954 0.0111098 0.0222483
0 0.434967 0.414821 0.0366789 0.105393
0 0.0468416 0.3029 0.0213007 0.0948868
0 0.510086 0.390129 0.0355818 0.0947707
0 0.990867 0.429588 0.0175245 0.0637213
0 0.100196 0.32269 0.0233191 0.108355
0 0.514353 0.504431 0.018728 0.097496
0 0.0251457 0.621923 0.0438828 0.0886655
0 0.993895 0.426988 0.0114792 0.0601044
0 0.987922 0.430255 0.0233467 0.071209
0 0.441856 0.413921 0.0236914 0.102826
