0 0.710356 0.543531 0.0328378 0.143966
0 0.167948 0.42278 0.0345417 0.114451
0 0.424453 0.586391 0.0467253 0.138256
0 0.0420854 0.72893 0.0469335 0.171442
0 0.594032 0.526542 0.02582 0.120173
0 0.503033 0.502898 0.0231525 0.0960047
0 0.46631 0.388296 0.0303546 0.098774
0 0.959182 0.408526 0.0411291 0.092966
0 0.720448 0.277944 0.0183432 0.0868051
0 0.187933 0.21247 0.0190769 0.0806471
0 0.941725 0.336117 0.0216341 0.0857402
32 0.994049 0.839595 0.0110432 0.0387627
0 0.377113 0.429048 0.0263893 0.0823732
0 0.00465657 0.306152 0.00916972 0.0785857
0 0.370818 0.430192 0.0383297 0.0810189
0 0.468638 0.386709 0.0213924 0.096893
0 0.714197 0.276593 0.0316504 0.0832378
