0 0.685341 0.697119 0.0468637 0.132505
0 0.36298 0.629314 0.04819 0.107177
0 0.408232 0.265933 0.0264305 0.0895415
0 0.948212 0.416858 0.0348656 0.11814
0 0.564137 0.362983 0.0294205 0.10141
0 0.442863 0.652388 0.0303402 0.11973
0 0.87876 0.548259 0.0214207 0.134987
0 0.717148 0.303271 0.0294559 0.0877488
0 0.174153 0.426134 0.0323638 0.114817
0 0.359731 0.256406 0.0193512 0.0852078
0 0.620805 0.321842 0.0187084 0.0950098
0 0.502956 0.169065 0.0205999 0.0598621
0 0.418389 0.666004 0.0511048 0.107158
0 0.75952 0.20841 0.0164304 0.0746528
0 0.409606 0.666856 0.0376818 0.10841
0 0.71451 0.30297 0.0210627 0.0858446
0 0.751089 0.960244 0.0785141 0.0795119
